16071
787515
867759
68279
107827
420466
391276
463265
555693
310138
808544
703930
199250
787398
917825
189758
902356
369992
943854
78111
411637
157036
979523
92188
29308
355166
985215
996636
343864
265041
306355
876286
52555
174113
944565
676733
110931
852192
139998
182975
678682
464893
886904
394283
252290
804728
584040
154645
691071
527893
232755
619059
201281
728629
711246
230588
600146
696461
743575
460361
477853
566281
336647
46760
740394
797563
723492
367676
649754
379841
550650
328435
844733
953905
722717
613374
274984
823108
284370
966054
867353
517125
585113
68633
762105
812710
815572
362251
509170
75498
338963
503375
641778
675609
550134
898523
473171
789977
266198
639277
169818
333199
967711
14550
287103
206780
144276
562086
546239
428645
44492
413591
462121
145956
482223
224226
958665
814146
102828
984187
889643
958142
487561
531421
633751
554046
946295
623273
344022
728845
262549
513839
62043
746612
44741
349146
469743
189016
427583
15981
617660
472074
429572
79781
618029
428146
820358
576694
242292
439537
77232
648286
397678
81144
696058
547780
635189
642353
171053
979210
371197
949953
9401
433239
212916
54141
298736
682658
759508
726319
698639
893519
714744
644562
489651
332773
589059
826360
425818
831350
782248
19401
479636
696278
100544
692045
244057
735732
334397
931461
231293
705593
397766
240693
655184
610681
811185
470271
809691
87044
196589
24681
980563
427685
669242
986565
760457
258300
812925
702626
606002
111524
722026
601989
807801
822569
294033
51858
74652
144782
499670
305944
850374
897435
62989
21909
24468
390525
492180
834158
477569
205120
858838
974483
632804
44431
477399
909612
819082
806675
128589
425083
918199
850614
543423
725999
189534
353808
294208
264185
498589
793878
86481
865314
207664
665821
887223
232131
56345
895754
582640
50265
100873
957829
24747
250029
2259
502146
675992
337693
308820
804581
279127
743370
655194
822550
469369
361080
176357
279928
141616
191297
590157
744448
56610
797821
410268
943832
546303
466613
355937
645295
516877
973162
603123
57976
223190
121734
76473
899181
459426
901644
703761
738552
645014
875307
77453
630734
236386
770161
910661
894353
477809
500818
638801
534419
814990
49068
994602
361292
32032
350539
6586
65261
323700
126061
639588
63241
247794
716060
962421
223571
134055
182534
478474
295420
574192
72279
926153
326929
842439
353166
221281
320248
370335
860081
371018
185324
909149
365619
62967
941180
716157
585905
522792
39856
711965
162379
619448
476110
878438
98221
699680
528845
280754
178153
824264
371297
766783
266769
698225
125574
619934
919505
962173
506620
779586
333190
208295
205086
698808
271261
662617
931317
373517
185409
971172
601833
347787
106972
594294
742577
205192
293973
787773
2297
988478
612036
373593
755260
878804
71817
880833
15089
991321
843005
521708
287258
692546
730002
8695
391354
517615
671312
322670
407483
373072
810193
525668
237210
917164
119961
979786
122355
413934
767558
124651
918763
895946
14595
190374
774749
86411
587559
306190
594084
946915
344249
881341
639461
590603
890036
547166
108217
77699
869835
32051
450770
196379
557718
687979
629895
677679
184117
268601
607964
468026
393252
43078
363971
924198
233451
655072
10609
337361
477613
604692
800628
821861
2384
440088
412463
408771
987253
37031
486469
373439
69082
453590
86169
626799
141569
716063
820829
842037
984664
428792
310062
894267
988221
190385
818464
221672
845456
345424
75384
323068
950115
876011
144928
468851
832450
73743
877621
336054
110773
880442
225844
179854
334031
312013
323005
991951
28075
660185
833987
529090
88977
144049
939708
77197
850785
758172
815220
696240
619947
406956
535659
570062
282966
196938
555264
631768
270680
949236
967821
381453
829677
193665
77658
680060
505677
917014
672010
50103
577199
22349
95545
182527
682749
35252
776075
533533
309775
107647
229772
929722
514602
281782
16135
313919
478719
571398
945686
265751
520633
429859
163555
350310
623523
757564
546721
129199
674578
218730
695653
768128
757430
791197
467006
440178
826449
243080
973710
136223
867078
719833
582296
898031
1614
598430
728302
996685
169827
673987
262435
690460
103845
942341
557121
243719
699904
620193
372917
374481
355274
584922
142608
112704
376118
125965
552881
718918
369045
526591
855141
236122
762775
437436
650505
280741
552218
378806
277425
722044
52792
56211
928855
672989
998551
2327
916707
698454
622519
805976
589287
977793
390897
248246
606848
283366
374211
159728
2284
743255
202670
857424
495728
965445
811211
146232
246185
363428
525037
39961
601824
94181
96171
47030
283521
611073
49357
716579
309526
188227
38906
415164
682371
429802
663410
289218
713168
37620
448946
715451
297226
167967
89226
792953
649763
416788
455537
412299
296568
496925
452259
898391
107457
64781
461772
907329
192205
511128
623908
501731
215707
662813
433246
898077
608967
96655
187295
838486
134274
152592
70288
431499
320558
159513
740804
970321
92652
712692
382619
389219
725968
351230
803961
833425
932362
265733
740753
124567
293212
881012
142649
508918
60177
575894
406995
669143
672549
110641
23980
806822
263232
94267
754673
583789
253779
11828
70461
346430
724519
453080
252001
450486
804309
55961
800262
736670
838045
57367
377588
131257
938378
520236
156526
514906
96130
79872
700400
768678
190512
724379
91851
453743
818645
362875
553884
588775
374702
624344
451557
615572
593775
703557
582410
914435
275869
899023
167457
630266
956389
545044
761522
411119
65280
434399
926024
161409
514271
626424
446438
221134
867154
54640
191229
685799
417515
745112
790925
308568
885807
242481
440492
479582
462389
539253
394016
738258
438275
561472
368523
394664
106516
646396
322134
171795
597146
248157
849555
627768
390932
812344
848902
258086
866983
556482
460236
800849
817945
251160
625769
703751
9993
582612
183332
472381
121864
93700
726990
76490
655171
95512
987505
278038
258259
309638
966184
371757
74147
332090
999524
465078
144433
364777
239515
527768
437610
216102
844968
255554
467262
987088
959305
477254
569699
658988
949634
207914
269039
192976
800756
440562
804839
788260
718599
63098
97898
684783
951206
688396
533224
950729
669825
677657
831858
425692
721776
269467
641793
566743
525021
109054
553831
677
102659
639881
176016
568645
847795
961407
761620
648550
401968
566458
953161
120566
145907
567410
321700
97112
255805
854924
564193
925630
48932
396050
351321
770707
181868
993113
337449
223240
618519
407631
740268
721177
47512
432636
806173
895306
394042
567792
60207
796009
134250
13367
432926
796508
580777
754626
893620
352933
125901
974164
794914
174832
886565
662586
461890
68432
172051
315690
808024
790569
723321
548291
28097
770832
980926
834270
182489
374967
918413
759047
687327
569014
288765
120253
365522
385893
391230
775493
738826
33482
749656
533739
724665
636220
196325
186554
221003
368375
502243
29026
675295
225563
577317
219743
512746
558242
54012
695234
449561
488777
454280
136887
57790
743045
773491
939663
645289
164720
715155
384114
714553
464810
434205
439217
617381
146881
625770
838384
31607
128013
867409
706901
869927
444725
926643
382673
519319
497007
594258
485231
985783
564890
138469
559924
824286
911960
499587
469574
593031
214741
853688
307584
195903
804244
746800
813283
951124
888922
651666
982730
533286
35427
689630
403212
996503
132624
302236
515821
145982
896494
517403
131764
977735
655872
208040
802020
84183
707626
271593
193565
438718
641632
17500
150972
445875
280652
964255
396998
169573
132272
379727
219210
684050
585708
622421
680553
718332
441009
712725
380665
853854
230128
28781
831588
402351
236820
633607
2885
460797
421551
196449
899514
63183
213949
50486
25409
10952
531092
422407
180524
179715
318485
399733
863765
904193
538505
544317
138876
495865
257041
519540
349718
3520
64672
181305
405870
301491
331263
925106
762287
752814
121555
178153
332348
851855
744990
357756
862806
792433
296514
559681
972147
614999
475765
835911
35543
530621
896579
690770
26486
669972
726661
376203
673491
791333
73860
595713
92823
405122
520818
371462
674287
158724
65966
522986
10578
810955
880742
389735
603387
693607
949415
91885
308605
425179
444148
860499
955800
340726
551268
498637
10697
277929
874839
200540
585613
465050
796252
194787
870172
833421
566248
60810
992145
632213
100148
2722
959519
497241
392457
79257
190847
858223
687494
15804
799754
131641
876302
271905
988718
427570
770541
515767
221850
645379
716306
807462
110429
28909
2248
496952
862329
84848
74113
854473
233412
174260
373547
192931
187852
282355
788539
378699
140577
476032
394502
940330
607672
270803
728586
596390
214724
499126
112156
436573
660857
344813
760386
771285
373721
278986
784588
236049
363833
375052
606874
597244
65664
980420
306526
253515
262774
95065
632213
919702
571096
543066
376384
178768
813869
104969
291509
28592
604095
920016
981517
264951
264828
258254
552587
638548
537239
853526
390948
417423
228577
997821
14667
294240
494592
321192
547755
273717
932608
696319
709771
503704
239385
86154
198823
53253
191122
490331
598196
311568
926698
96064
92870
191525
354318
645456
346424
407908
15333
737371
825331
243910
251544
356349
538149
746135
193892
602255
536204
126500
298574
245974
146555
537958
332127
345377
591210
39600
352059
705757
867520
278756
801821
960389
986632
672490
122197
333055
80397
137529
70425
422079
381438
321968
778427
435939
584455
972319
38193
637010
615170
336766
882983
761724
874723
731461
623452
982284
771060
975510
204393
154931
770617
6213
631672
757248
195054
753868
90302
791802
407748
677078
213881
305538
515398
508659
257828
616204
997329
296020
253213
612498
149138
136195
890573
540212
867655
514024
522496
155066
489533
726888
826349
776501
249452
458020
533748
960857
211887
624049
752658
135986
817479
482890
441523
332876
991549
699350
949079
505229
511722
202291
117727
660859
854837
524651
201070
722491
38675
239917
393908
44559
483156
220256
821060
732607
678275
354807
209815
406513
495208
962473
58851
312686
961714
500373
645561
469614
716075
594639
974843
227796
313281
608921
405006
168117
133571
122427
406959
688597
362344
317218
733156
845499
53826
70567
94458
732100
425373
304272
654965
436932
783096
713815
749617
261162
730539
911529
730775
962965
22519
221969
707112
335799
347241
112117
20267
997164
234544
427225
685760
113239
744443
935267
475089
798268
5833
569546
46719
947558
390170
218035
384489
689617
448201
650458
950778
695092
561986
197905
658056
100857
936225
365168
953007
283466
993636
973274
280629
744531
916850
482740
857769
177644
418007
849210
975911
940191
418755
538982
887748
325276
273368
788589
531245
721569
439046
998374
933012
517383
196278
591067
134591
132503
472586
87598
932320
466222
577223
212948
210752
494072
212039
584873
671716
146397
434082
163978
86588
369188
702959
490687
210816
492679
279275
742060
214247
234672
740433
147258
752055
453063
254676
402997
101917
727262
490594
34236
709835
67816
763535
436938
78240
975573
538162
749955
121970
972243
913932
208557
857783
133243
215595
584950
625921
494870
327009
356519
729541
583793
20128
997947
36855
791155
400944
138771
518416
407889
689358
744602
992057
452892
181540
70296
428465
236053
820250
550434
724648
250533
275342
582430
900127
490936
167379
42399
502157
10739
398917
231698
110883
935396
745996
664090
726551
663291
319212
761318
71180
8570
22272
579588
461461
720163
649883
889925
956215
470132
956710
680862
237016
232051
779643
137143
239339
463373
695893
741495
474111
611162
489544
101346
546557
751892
765435
789459
415182
84646
67129
2713
93215
89400
582300
554676
809562
748534
960952
765776
735017
434014
962990
972033
666064
742632
625527
421754
206005
321419
679601
196467
932580
169144
297812
995489
437387
579598
301299
368921
664244
368427
887985
273810
974178
986637
344837
783739
735170
305789
65867
470187
739802
28856
958571
922217
771487
100449
860323
493843
421867
539923
690310
870799
225418
504473
382639
662805
84071
683937
31725
264666
568716
919709
538475
542893
906345
883312
326632
641515
705452
908850
628053
961605
937705
586623
400173
225543
687071
260495
235738
625289
800417
926047
12439
25835
946871
395077
688639
547293
595366
236715
811958
164081
156423
866785
223325
62768
750096
66308
220634
971899
975157
848686
933503
429213
951660
850027
171108
638730
110522
406845
780370
427290
849243
792809
453124
796113
704237
658114
343406
299602
894828
671715
980034
567603
538499
203359
146722
804946
269666
367355
776844
244823
732392
226698
674035
684051
76725
845142
839132
703598
768338
135853
130887
617580
928661
584011
413693
149250
758476
273450
448851
653304
945164
945237
737258
15
148595
883979
804960
418260
767685
98156
179434
500076
324853
369821
700478
917929
731314
55961
621526
499652
191813
752413
117231
636826
852775
47275
786075
611250
320724
751277
780905
782240
696513
518162
782254
845107
918492
103565
779719
686176
201720
959152
186251
42925
845324
403080
477205
576638
459040
98731
76289
167205
367495
709871
320382
220269
757146
622808
347870
594221
374084
645127
892812
586949
163288
675065
948407
81780
294982
244477
284307
13053
203629
470558
572329
565304
389989
49534
141941
849029
664616
734581
532585
32110
960804
852966
768730
717949
475773
632951
828521
366208
278077
721333
469508
441365
912749
417915
39496
207730
662391
323802
220783
382371
310711
793111
947675
700700
358996
605967
66080
23611
856900
115016
572072
817703
967981
857153
52003
960105
490104
880523
842664
768180
118207
312172
725896
30956
246438
281743
755037
908828
121897
492171
807551
948959
801634
755225
649658
160629
877543
232089
700592
734442
863456
272663
68496
347788
646168
120498
307892
136271
517373
666908
420802
151931
979079
663050
182886
741868
944792
937923
650695
66688
946445
458245
15647
748078
729821
181656
908707
123716
930097
125650
858157
793552
914664
443005
141340
560831
79854
965583
213453
597226
148842
634255
265509
644272
297304
448394
386139
758447
902668
36834
341487
849113
11430
873485
113542
257603
571492
538600
381318
501588
664249
755826
811492
578913
198830
469183
139743
278684
434765
353196
392261
583607
503802
657769
227878
801105
622515
130369
559551
41534
167202
417389
406998
694983
290873
520540
952585
862365
59139
850254
363952
723388
606080
691795
302300
321261
160977
958394
599944
112094
311589
508557
212052
331742
682677
956281
132846
305191
86649
208749
863077
770202
626137
270074
465185
433362
790613
934121
295726
849752
784375
176029
89491
906806
867824
391790
228066
545152
866535
828010
173597
694476
852918
385648
26217
535594
858281
675415
357137
461281
400515
220213
747835
26651
490286
729371
460012
797251
663491
272089
647002
964217
448118
736492
871022
832293
644633
99088
377444
511167
443449
551041
721994
812718
453040
748211
348311
827672
423625
221799
805305
824139
958363
553139
367141
448649
282509
343505
245899
462351
615593
409252
426568
580062
662095
297589
412354
823079
913028
789798
850597
872828
857190
572591
685545
826581
320801
33856
170605
260777
772006
975909
84915
730369
529047
968407
695369
811555
311911
457619
273905
443856
866870
216824
23917
528964
30765
952623
868394
943792
258772
718990
816620
115961
291580
502164
458893
612380
52371
629497
873156
340729
605405
474422
71097
134451
442829
282817
462357
271091
740435
252614
231298
607304
469437
255215
652619
500201
724189
521012
443993
982960
756353
776964
98920
47933
795479
74164
660312
364202
703661
49820
704930
825417
40593
292378
959868
483421
575194
938576
270864
315628
191189
502161
439283
176978
273727
608253
677178
997915
645616
637522
980874
401968
930837
596145
449900
726316
670309
626564
606869
373969
192735
311798
715737
233327
604175
191956
233100
695720
130532
503963
11347
838072
522475
966981
15049
796202
575233
208579
310468
737200
846100
807694
139167
293289
403838
105419
19604
74146
731982
626472
964466
924716
454621
680203
674394
575147
872158
907493
270866
519041
927807
798564
357113
450282
765544
888513
762835
857128
97091
589654
594327
459543
397347
249845
752831
801185
355263
288786
391682
603596
431609
872500
44663
886229
69054
719057
461375
457563
142901
248592
976604
587060
47155
850068
37341
812698
254932
316527
186177
352023
906180
296855
327917
303527
546699
80747
621063
418314
885884
12744
538261
317492
401595
99276
203720
470648
334684
181446
928211
477584
430037
421166
64643
477191
787585
618335
806240
42516
451213
508768
394538
357393
805622
238806
177271
868672
319552
798333
803337
205435
327428
857950
522926
245375
957225
242997
232374
291908
424442
160584
285843
370830
98101
866838
364372
885685
485172
686963
444553
936385
195730
839090
810129
517703
77896
987399
386375
913799
302083
706063
635586
145862
564012
674863
391236
521236
917860
139962
329495
858653
300545
615338
745835
914998
482175
110206
317034
483698
797169
761586
936434
992898
117028
746562
510601
711275
250312
413327
625073
68746
635741
777010
730960
716105
451873
638547
237340
886084
778508
83187
261088
595405
214876
6922
510402
213402
117128
343787
697099
430648
105373
633533
423545
222400
896446
450497
450026
663110
380175
591450
731855
532268
368460
462814
248372
336684
617713
2063
222767
396220
85249
483854
991624
300124
490776
18377
513525
124255
362164
726976
554902
467536
876860
494798
206287
289657
461647
172664
952766
358173
764113
200973
890440
648924
180138
655163
985607
797850
657226
208373
194070
258826
208579
702045
75302
215706
720422
588826
339960
82585
832153
411213
66472
709012
906010
789110
515021
884008
961773
467786
758533
725885
668758
648972
374809
365248
304135
876767
163097
477712
85140
873518
736537
810070
575563
811838
25775
295984
917016
365734
894920
265520
776946
961391
490884
199307
266852
5904
599667
228624
473689
358199
470860
658799
523522
362020
24046
344008
238787
703494
821719
323926
577012
74608
133995
668926
886445
676121
964909
319812
41854
376180
585332
335151
853922
76215
50809
120773
82118
166827
349396
72158
525025
336607
247308
564899
698627
787705
908906
937413
491199
246977
777690
584562
321584
428036
253487
724380
104156
734747
44192
662361
627278
145875
513863
481199
738441
564671
601971
820558
731498
467718
409067
772874
804324
656375
337772
502950
960431
763030
956714
451629
10006
734403
552542
331589
678790
322380
572320
782945
57126
132863
961657
200755
278737
475519
681953
17177
556542
283923
354086
804391
267992
279505
577264
72316
452231
431388
91617
412661
194417
48331
380642
204422
299085
449535
52362
977875
771915
141033
277171
345392
273896
238828
546147
68984
714346
228099
602513
270887
28374
472950
75277
296365
752454
168893
885032
721036
600280
976649
650049
311048
24979
547042
31821
840415
996576
600534
334641
768490
741566
611812
630234
15461
850639
176380
600797
81336
920830
203309
868575
465555
192610
460203
761920
945064
629095
646951
182451
745726
139951
832499
56773
681281
379540
604945
521696
376116
205478
856336
660957
947044
468147
807542
478856
835137
500273
79652
432825
421103
799312
301399
403009
991922
761601
681280
453337
907048
844583
635787
652773
984533
984638
225898
665814
880529
830842
703861
772996
552672
560196
433953
499715
544695
757846
978570
896183
258119
574574
329007
195573
373885
146757
598581
882158
424710
279861
335494
331757
124443
971281
500881
108975
472270
243130
291140
352798
590324
995000
125794
142995
71548
76098
159061
616242
833943
653982
28776
92061
228555
874135
803985
118792
20891
402566
949
961952
198778
336443
293708
323220
824075
310941
948546
812696
70422
239686
165493
660745
234685
807638
320091
822584
883735
479151
438825
234030
649485
983953
842442
394391
858087
646427
513182
878977
48992
30483
357281
247769
883277
167340
87340
707351
478280
35885
36398
65054
791922
201890
242150
542959
525880
562241
365542
409614
557743
804367
643643
723579
788319
486085
117970
162757
648863
631151
41733
697854
661633
915365
461974
61261
82705
549313
284963
560984
585197
321360
142389
893471
39602
384539
436429
565481
946779
801970
975094
20873
122688
135089
744452
427358
137525
862421
590114
786387
9923
148199
592
187908
63563
462565
249168
146267
528229
534131
223603
629777
855490
365991
523247
895091
750529
959675
460571
213659
761645
952017
750884
884332
603457
495335
311690
740981
874107
901803
527367
400381
50001
44310
588288
629916
506874
353808
776182
35102
887938
999784
664878
259779
365775
188125
671222
116303
664151
131792
846314
425795
600160
597197
826479
203616
92531
654520
944596
482989
556322
988314
883369
122675
548975
988009
752590
55848
341816
45123
607301
746105
44907
788531
5883
410681
493007
677104
43335
157157
325248
889648
582952
441759
486844
925782
645375
95726
580301
106322
95066
652974
610988
978435
775648
159962
482795
44589
732162
824610
89712
339462
87066
650970
127992
92948
578002
620998
286404
621336
294507
128003
27336
393810
569761
30531
319591
731487
126257
899891
837809
737674
552864
965148
716108
844864
125109
715254
405804
857270
56215
11867
713084
143280
662836
357427
752580
240837
494777
555335
378525
789283
683337
922212
183092
769449
952742
502682
500936
595350
918924
855096
333024
988139
820243
565483
349354
461703
280737
755158
835325
336951
767024
548408
996583
946212
422186
749162
703400
916962
304496
81924
706244
504184
4135
405687
273632
956877
424720
290919
68578
343643
662366
401601
331782
482608
967084
681135
460663
764172
952644
295987
617474
236020
360746
614056
182231
782931
879569
885630
216245
184064
483906
438840
204599
4392
844527
478231
961268
269246
285501
546198
129241
947867
947798
977374
946826
431233
658508
407488
711756
127504
219826
329230
363523
96923
459637
62105
879854
339206
464086
612450
39621
947991
51289
244220
952383
895815
238802
430002
681413
524302
492551
810653
988520
440349
788026
935346
387933
962885
342833
616041
90388
79011
945270
970262
175933
921258
548718
572138
776815
12804
184587
816436
477146
235876
577007
945880
648042
332160
892234
329454
372813
384784
140106
361333
341484
444483
296678
245769
407368
155862
861809
14107
234872
323430
984369
927157
244687
49438
499294
21502
62241
200233
354289
55739
436108
931295
517970
600501
779806
410203
929955
152618
794987
586412
513950
652822
30895
326979
898590
954614
482841
760398
968720
234064
83827
953088
161220
844866
2526
176866
382719
581118
377098
737007
153208
329557
184653
671178
930057
964458
81380
376363
117075
392718
479127
147377
561892
26373
474355
460481
980986
473547
737231
949705
223963
821057
419145
901534
182274
421670
78399
564992
519139
971848
301998
188699
817756
3002
859876
747813
967459
457607
640527
600886
366677
636005
264614
928568
662377
255320
389048
643362
728867
126278
593067
952829
463687
12211
370714
645960
950232
449113
210952
985722
937312
29301
174420
755068
32303
34295
19232
516113
491902
176110
633350
858578
812115
897963
303497
474491
153283
692544
117853
882149
335174
227271
351329
798860
239481
722042
961171
706064
687506
688474
691785
624818
717775
866205
896237
266429
416851
915468
782541
425104
91577
415891
800033
420043
830205
103529
894534
983487
312425
528738
381987
647598
756008
249667
962809
511840
971709
923979
217903
175566
128805
426039
316735
362931
292243
212971
629359
225446
128438
928251
650549
736367
860493
450582
156409
690698
554110
567294
674184
866534
96031
572523
30483
368390
822189
993291
880229
793897
433622
98131
485815
562426
524170
802549
925356
332764
15520
71066
558209
660309
999316
208758
913027
859809
175691
69436
66858
246152
153081
257393
629038
249112
829915
659520
617501
652104
169163
14082
962352
602784
112212
448166
681561
152733
767067
123268
1849
782586
194333
76409
959246
710000
801518
872273
569808
977208
458060
153017
223360
611140
410410
368749
376603
240324
544620
510456
408779
713782
524537
371131
832917
153100
335648
514477
822185
102714
637744
824033
401651
348428
900441
877249
58428
218311
749521
144587
195518
723932
297604
935229
851423
708013
303977
744378
464688
848597
254833
873467
78730
779369
760949
911647
448820
96596
942475
271004
715662
96571
95036
633664
444998
511829
510912
19777
730139
260432
164364
442008
500715
978319
893589
868490
686331
713917
612867
151018
562513
384051
540836
157595
679771
301784
69241
128590
914732
528067
399594
630393
624637
10981
264056
585987
39161
774968
605763
285651
551751
286478
727659
568818
264796
621247
953659
951126
335163
566525
618496
414028
466927
675683
571622
146697
493819
157214
275286
408550
201632
674879
555294
826269
202212
335701
412255
241372
627020
534369
527023
178771
820847
254681
263940
601994
392279
217598
553120
727441
300474
687967
657820
767400
880001
745793
914096
373819
903006
189381
782368
104638
380612
337661
447258
582823
673362
375864
824194
300381
426584
867568
995503
247430
122248
775794
849424
30878
509743
918895
758319
810216
123213
416138
93967
3213
678283
524414
377032
581288
713795
675751
202277
610758
529764
649534
709932
719477
541749
50477
536209
968333
918045
48064
732114
556644
823857
97889
587522
849952
16783
345840
660167
656347
278329
270486
175912
956611
794899
69295
54251
25045
745045
772879
635802
274808
938765
345733
994284
480513
912562
46845
448845
830606
94908
697311
387249
918764
795199
974770
285067
328334
836961
461586
984680
115290
732071
160591
588252
526969
229885
158854
552014
491282
931733
704167
282441
870497
566252
793077
351009
478813
839921
316206
825770
934828
13516
213018
369943
808714
187788
655010
137047
24748
116595
638079
656389
848665
315021
760993
891985
544906
919846
960350
552539
851578
180869
834979
238426
747120
628055
105787
742284
467975
938344
568053
919154
951859
781070
289097
276924
485209
944106
930323
26309
60700
84753
682697
425716
399773
960041
834052
461030
879887
794402
13568
247816
975270
848547
2594
238741
992953
108380
981024
460928
46723
65428
380081
514933
362849
185529
308208
848058
129634
238530
390718
706685
323282
589766
648752
239407
549807
482804
700436
429693
277205
714004
193860
768826
78902
196453
7566
71854
304832
504941
49133
867906
86720
945566
382838
449568
647446
691046
813977
777080
445927
204694
116
285561
794460
165220
524967
344266
164375
741754
290310
957931
455757
521
726756
51010
196974
250673
639216
18157
755613
204700
886063
842332
666617
785252
808251
314063
992649
622228
607494
438576
826921
123961
240488
137732
289180
281806
998349
453554
23559
288658
411484
995668
805531
654591
563029
2504
905263
202244
537012
177227
406944
423074
19558
589912
724678
827809
903974
717326
966388
511467
672253
309660
635428
429092
447392
440959
710897
962092
894513
250808
767102
822348
246475
572632
476939
325855
575135
898553
528099
112146
75780
451394
51572
611689
41305
292601
439497
461631
526278
922236
973097
198531
231896
124876
627622
195639
565835
854871
157730
976699
622030
924831
799046
384856
497462
792336
710710
588948
690889
238808
217446
766668
206553
785369
378356
764210
77969
334205
225840
604246
772792
198936
319128
4687
323812
463102
716677
405998
317972
874407
382696
940001
315589
698093
324856
329403
490429
551917
918350
697669
790725
135795
980688
513629
437515
359043
277838
515483
209599
503677
636081
982391
218965
955208
503429
59128
418309
220106
465125
252632
610864
364172
708984
442804
62264
33839
772206
69044
585756
690556
766712
892832
342702
747399
922812
780217
622794
200650
812051
348744
220678
448131
331134
955994
403339
350915
531473
337999
87372
996597
590631
698235
877120
299614
141038
939384
849805
913244
8427
951912
120151
775139
361095
979204
38889
283906
275772
661682
907
87823
10426
737937
52305
857911
693930
455643
208825
225403
309994
296196
738351
900624
510782
615471
716589
168172
71206
566393
81415
79632
34656
717917
371122
395750
697120
410011
679656
489244
71692
196914
577066
598469
934850
629370
456380
145132
601365
181556
886886
911358
994104
625236
811981
504885
757058
528569
673056
828263
611314
270822
424247
645969
505090
795368
41719
718562
205378
237726
207805
793422
950991
301222
908242
402193
930591
880973
547324
48307
62529
950561
959664
56632
92148
287996
77868
849206
332917
267276
193820
944230
54449
618066
106550
559539
929786
664620
794452
135163
418697
2256
444936
369688
303477
353178
771880
750419
750502
835555
798726
813030
786115
758389
386013
878262
562737
980233
243819
895653
247508
437639
356234
818308
572056
462783
377846
501841
127403
172297
153356
62451
690904
114643
432138
510732
984172
720369
261151
734674
72275
59876
547703
374741
334616
450068
769355
897352
430300
13173
309356
194159
967163
665589
12466
539219
128372
906664
557411
772126
595312
710766
834576
286216
825409
783066
313299
809580
19786
574449
544253
92061
150676
608308
466801
1644
58375
752507
415347
5026
765680
724703
199184
249194
390291
211649
788412
35014
118312
345823
807139
229976
572940
158067
516191
914700
941132
829489
724280
960917
920290
784884
569329
587317
909543
552482
588960
484269
304988
4307
489294
587019
245361
204829
836213
635651
932830
624624
670665
567493
486798
994155
797468
576090
152221
313658
490789
93352
659499
731420
570621
96140
516304
139949
683456
942198
692430
272416
426467
513770
793074
915760
100788
38434
120589
937000
674084
569770
77976
861100
137262
81125
371607
934730
657214
523827
764739
148003
133531
940589
395774
220503
36728
428429
360451
720184
370627
569233
992599
797093
83002
302024
712852
183789
340457
349792
637141
530892
435913
715116
908344
573175
796240
279950
507904
453454
320128
788994
117808
970010
729583
29933
190512
766310
458362
67315
486493
828988
636547
995443
626080
235900
813818
855283
936040
154274
721427
573180
201518
157339
804647
109861
730513
600887
906162
754768
570692
742641
543762
204851
712651
789696
234783
903162
556005
693144
970476
558850
522131
123374
70644
664562
875625
884462
519845
328017
555087
241271
901196
272956
914961
705843
899168
161826
823081
805329
916593
393772
547970
976706
114974
260620
766401
349756
680133
838758
559252
166961
913959
597734
806686
500954
262296
682311
901767
782140
10327
973206
539762
427874
246161
971074
650068
145329
132899
989500
467009
49492
899623
531330
542549
14596
308301
825302
880704
988434
180411
439955
671746
94369
37688
478431
595322
816335
677093
13441
598474
687419
986646
654587
631645
232806
142013
798064
894486
274911
787564
361495
840754
687186
892824
383303
701782
201125
724956
98837
705910
905366
538791
377655
999734
92830
372437
111407
909165
49530
124847
23990
253300
111492
194929
884944
860650
336941
683008
271487
611851
986923
632981
452605
674108
42157
352259
892241
759633
77214
507429
981894
498931
46219
875900
498664
655401
248336
126422
80917
297865
767621
104906
551165
395464
299834
952460
256113
153126
151819
527600
764977
138741
676932
733933
329201
235440
602543
737793
511424
196108
245222
493317
695038
807792
369216
710053
979544
617552
836474
60460
431768
604094
165366
499284
999558
981551
451744
772022
134677
603562
815973
416005
258655
9257
666289
104207
244696
268831
841999
756120
464938
603572
765788
676327
411364
651356
386379
390907
268907
222852
451367
217026
343298
133084
716310
859207
630986
684405
147580
765662
287966
963553
698018
62972
489161
364306
167178
733856
149488
525529
6327
130777
129100
288467
807103
56815
939822
709833
964074
725080
449037
931792
942105
792334
64875
174766
167892
695860
859170
315471
977874
663488
795375
192243
726459
284535
72901
409989
534743
222388
451869
57421
869517
97320
345887
192971
154135
285708
902804
634560
527139
351840
566351
469244
660525
147577
644009
828416
843436
19531
143886
337661
683018
455613
529904
925828
256499
602804
852168
791241
341543
304036
365014
211059
401356
710900
920382
71842
512960
823185
706401
40098
691376
272751
25693
351900
936679
186054
696667
780114
205584
356904
634127
404953
812516
680382
330780
69015
283185
182948
376607
141079
486983
741620
868490
404690
452520
788871
476531
481831
128407
699283
38280
819782
488385
580325
688033
425063
766378
384699
721529
488313
741602
355655
409617
70470
552388
740396
139484
835572
439695
516090
493002
443030
257710
361491
847719
226581
666713
840602
224763
795119
56236
263042
131252
544621
843366
819284
969683
126095
720334
207563
130759
461936
79569
540375
48757
631956
797123
188240
983879
236817
220681
476881
679846
478390
354723
43917
221322
21436
400870
446084
332906
457105
225478
980510
1725
68843
316145
487760
711290
36479
695322
842048
14766
774891
382423
63522
923198
179545
768113
907077
416361
988793
383957
612559
983535
738679
172827
204856
276466
573696
167292
125724
30800
392769
106233
548877
977963
938729
36636
689252
975207
248309
531300
506324
539551
913722
86197
462749
609618
854309
369825
542330
359454
753781
671240
342988
8811
844066
64195
801629
417761
747838
927352
448561
140606
549936
997437
118569
488664
550424
807820
980223
798732
855471
2898
854635
285544
89095
317383
895161
459755
687207
953843
819208
957339
625082
678547
482501
469148
259094
284129
886908
6931
727832
851820
147537
794119
365608
782457
282783
916031
590276
779357
231115
962099
782254
85749
247642
871348
919483
142803
847455
606689
612997
666662
80379
238078
861561
562879
223577
120654
363360
626837
127584
91191
478656
791472
885310
360616
573928
684444
792998
680556
463800
540464
642654
246053
626212
890295
633753
545694
549449
481207
668734
162445
664220
749112
916875
525780
828343
140451
646433
191702
767287
290369
799244
762295
81840
200905
122910
655768
885348
915907
336323
349147
456371
978976
111552
598934
385622
745304
660980
935071
742862
329713
613867
407081
595177
530741
932861
939871
671192
95645
131572
954830
386013
930815
717124
984205
648072
356385
639972
533419
272292
492646
398918
245014
471621
510469
843947
373594
772124
21278
308664
514985
867343
922531
922065
978871
969623
371277
918741
157166
983274
50312
111996
369286
497478
345471
869842
145549
701856
509813
195320
490499
518810
594237
735512
506782
104705
95810
880376
876828
117088
705391
908164
984430
627921
830228
963300
113896
201505
398392
271061
184778
965055
899408
70415
462532
761231
456609
124433
463086
482773
836104
953584
1583
430340
205447
508364
51396
301256
388739
444575
934695
94130
352738
919124
238402
699317
398775
868649
417173
313518
656062
601950
278572
555469
188717
257456
316699
645325
898240
296136
128097
734343
249719
646031
164682
971517
154395
732429
272773
59485
177003
207467
153614
46092
642943
908368
745408
558069
777016
162581
871587
433077
280882
150158
504898
985950
407613
337948
147626
305852
150436
792075
556546
916506
438105
237579
888023
592499
970007
160795
651984
663361
884613
321949
709452
527555
746668
971212
601976
40036
650144
473562
989464
447377
140071
10713
433327
64036
348661
580952
886239
499096
373026
442785
931953
327483
680363
819975
919981
166722
980769
88316
830082
381734
926617
55886
909288
673284
543449
511263
229671
193592
501176
219135
157320
157599
229847
590646
221634
94859
687950
107872
110306
577327
67008
42259
904809
263723
862233
341142
430444
359354
429457
776877
741087
872425
349114
166726
62061
892562
194341
291731
602505
695516
510865
759825
853114
257064
866822
591099
351922
554771
215323
978580
132098
282330
20838
553258
546052
399422
894399
492847
758775
840208
269724
16213
712632
135189
182939
774692
27751
893631
66423
146607
105498
93639
422783
958612
867054
289605
66062
735328
360727
281384
713907
9176
563714
734744
562434
626117
134165
456832
635316
409292
813391
905039
425504
526023
556579
124794
817066
584329
18424
399840
247288
123922
493479
670070
598885
876884
476026
664946
612211
353105
462682
326117
362280
542747
60860
441065
168863
711377
414249
804178
120668
227639
225568
62523
753661
782147
703669
570727
882827
722092
486918
646466
362365
496748
832888
477601
373632
308913
658899
985842
178369
121580
828311
540649
664326
405522
498065
349540
116898
912313
153718
753917
139952
895637
816440
409964
194135
520108
497042
76962
758551
983960
239779
637268
480707
72666
114868
854338
897931
773766
356532
76299
895345
184842
133299
559670
590363
631364
909210
223613
543676
579279
977529
199979
991267
310320
609943
185402
346779
623336
778715
621682
607295
18493
258949
604354
91159
373816
975043
505441
147582
331574
581739
559278
32767
231390
635300
139482
862753
60861
363094
922780
640139
856974
122759
147757
167294
249053
333158
30424
872388
628224
652105
996035
646717
911053
116740
254227
284869
91782
759667
948802
939708
857757
508079
972474
89146
659730
628307
468250
720590
991400
391030
877080
848374
30140
24837
532019
279192
874346
562442
667931
502570
214547
663965
665638
125599
780704
919864
926819
388838
195882
875620
328545
53638
900051
817370
659136
76132
445677
127385
796722
953428
34766
673801
318153
64905
214989
850171
860448
89335
928965
528379
108256
143511
708695
773893
785461
5751
693756
712280
394588
405989
104251
239484
975978
520653
573205
635113
596785
535233
278850
909858
488661
313615
583658
323165
378520
314999
689688
238967
920685
618652
283697
28940
278514
992392
319184
580326
998142
529291
292605
909081
935279
913208
664916
911256
950212
238120
62721
546996
773353
341570
456853
778365
655184
556863
101529
33703
388213
307568
789022
825249
926219
72718
370540
721084
581461
689723
301410
95954
219013
110366
5034
670643
539925
186301
98250
490137
424421
160970
553484
714125
502539
526689
8841
157723
599903
626721
707777
988115
934289
13150
329715
376859
602220
700254
97943
183680
389976
915704
279634
125340
26069
801019
312334
565994
987320
410583
572482
928092
571553
125965
642216
74091
169005
167408
748165
768907
794128
972294
273373
728416
985443
603087
105275
587662
303340
719569
287694
209667
635272
567327
335006
661340
884697
163691
743685
872016
574274
316166
316459
145826
958483
475026
736268
127487
642433
785
412746
436561
973078
686118
164976
474872
805557
786602
578886
625248
22522
866579
834915
657793
950257
686272
835485
834953
849963
579169
706969
424236
411687
539779
86413
886521
14805
339032
14007
657237
339816
426752
93797
829245
629222
775125
304117
434778
78078
883002
60025
100600
749580
411291
274744
699836
97563
110228
51140
463877
205749
758108
404464
133787
814239
490876
20307
829043
829907
550665
486279
686075
977417
96428
515319
122990
387904
819435
557767
465981
218788
134143
82932
968367
545434
357676
184554
159348
984255
235694
623224
190003
510153
27687
840141
324391
34914
860447
669785
864820
411112
156064
550894
904880
768843
582565
27869
156746
401999
101987
139078
620787
236129
222010
105505
297914
96037
806411
457261
80291
42104
80484
786646
68608
108170
626786
909351
659435
3585
579135
524255
931048
251550
591500
835927
20392
174064
380147
693489
92415
482133
348919
229553
234613
570928
335057
532527
183316
141467
989787
779958
699922
70271
82955
284882
694792
226093
194232
354227
229677
289718
394833
160724
541268
502684
513002
78011
193100
893148
287852
285514
891632
636770
515066
126244
724049
366474
658770
907364
24293
648557
203673
240566
235179
286628
525447
446322
512720
236030
316900
742396
525748
711732
419471
583367
214416
932472
177729
923867
341971
981932
209380
233602
618701
240797
359845
342749
123622
534967
766464
147914
183523
970137
388480
935053
256764
430278
381374
285835
666308
698274
28230
708407
410005
964052
808125
140772
412875
502205
580990
271197
484137
306721
504798
102837
547517
380994
961938
187491
432312
244753
335404
615834
214889
240235
550886
988004
186865
448612
790190
369524
146885
818419
77930
73241
298822
402406
730365
228048
904610
311354
499244
905098
618075
520393
7935
681943
417739
486224
869433
850050
730976
721189
465884
462217
477775
533121
966572
664639
981732
756762
34162
644968
91532
628443
718209
390354
547200
964925
618401
451810
792630
633997
356907
410704
154389
881193
608999
572127
367416
478431
422177
614744
715971
404412
76960
193746
937532
43531
374736
435616
316644
408898
80583
408176
553692
315143
314881
100892
796419
933281
69053
589049
83629
942311
999752
238018
823504
125102
810144
707271
603533
748672
838366
835855
153083
915325
29600
606967
475208
404336
42582
308203
329585
639516
716378
883276
471011
31258
500519
267429
480891
569571
856477
564519
511882
372581
318888
851737
497682
645384
75359
617566
394055
913725
453421
547138
345401
999372
154104
336960
403707
713037
645163
249643
352552
361540
132919
339914
909150
149789
607343
390040
719360
980171
470910
747593
352751
789798
599329
850433
435181
674687
984350
829235
588411
437770
892724
933812
437142
563179
787123
357200
276215
432285
606843
145119
310177
256113
485032
219326
405901
608726
125717
641612
588897
596626
389204
457999
902775
504884
824783
854307
695923
809133
199894
284333
763254
92617
734496
200395
172148
521619
73947
964714
470255
197141
109832
780431
453253
111216
516108
375505
236293
641824
533469
825189
754802
439024
283188
173928
943908
624322
28235
639830
433454
744480
440514
196708
837096
691362
913454
525595
729332
987400
490309
199586
184540
600140
496369
154144
227707
12476
46001
464000
170652
579469
805540
925453
18492
605079
615732
478751
229401
643966
634932
662854
388445
591798
375913
741893
283159
289367
267487
12490
793118
274147
728427
494010
390639
741147
164505
618345
753623
210505
598696
440626
306325
404236
366078
841169
9314
981809
836271
238714
142127
471203
417920
46923
63000
793832
305167
862510
599550
89006
391351
392668
363152
119777
403029
753790
377276
83885
888487
647250
294390
487182
87875
117066
407769
970304
474586
417083
468464
310857
172148
610590
298411
106419
173865
361410
900251
479031
223919
16152
568036
615269
925171
931188
251397
328199
201329
145024
412084
89815
792273
222825
93349
880147
856242
501117
850450
330828
434551
318914
641684
606699
445855
940094
229469
619719
817855
129719
98750
558125
662223
183137
689745
587393
630676
457493
431944
832005
602517
844027
921819
394789
583203
15167
274936
439444
32636
641737
286623
467186
960650
444658
590236
406505
901103
819705
26223
718957
949423
641324
793433
611645
824461
999529
715390
455136
457022
147333
803492
575890
507711
241663
970678
90913
773181
761965
46708
805816
403702
333331
273002
364351
294340
863237
287207
195443
682941
829782
430751
148716
471105
224184
276712
811917
740064
992101
783405
197085
139433
103248
772974
647143
344910
260004
254407
118091
21968
817467
923906
942021
667149
713259
306372
961488
576496
109930
156930
775788
939711
587681
924503
927168
328216
717567
255436
68279
226019
555192
781716
365452
658440
554689
528946
3349
331044
299705
637791
353012
117171
561697
295032
784319
791307
117755
745806
367802
744037
419088
659942
200099
523120
584444
127266
851335
818362
899054
435965
44381
454245
734032
926184
629036
805073
971481
148737
136116
271185
786527
5479
904707
864575
300511
689025
655882
934617
951183
540035
195005
886622
199976
395104
409741
300772
38721
777427
635485
937774
213391
679865
908371
947423
606048
53758
752495
577529
202494
404962
365065
505373
410441
269772
886299
227303
475148
58532
161919
426330
114919
356924
312951
831246
268379
239043
648369
307099
16469
283854
244873
746212
963718
669595
209986
86118
723352
962480
179998
442198
367441
545062
947570
294233
814833
350220
521535
289981
408752
199806
232662
40022
73081
61965
871267
341459
301007
519636
648557
833828
803489
409781
580039
283558
79375
790024
369675
319079
268855
549672
761276
152647
94734
225197
446880
425918
91768
968414
232250
16871
168219
981264
56892
241299
43228
928159
99109
860586
964146
747666
210765
767634
157446
790803
567543
753173
97178
937218
588603
882384
3241
349878
35031
614326
91426
998262
40244
183193
966675
788845
716416
651246
770108
773307
408896
813335
217817
508005
190273
181962
772022
917389
465947
929467
708192
33490
198991
321721
970707
787593
204105
490299
653822
239135
104625
745247
237396
661220
444792
720422
450064
677559
888019
220172
450865
813267
549858
668682
321271
256482
366995
93292
173871
832942
539110
882062
866431
254453
720134
353489
42045
924238
843787
695867
679724
948411
957465
433471
125982
918608
670245
576046
596166
558263
796217
563383
887881
346074
748416
209151
602556
115410
818794
292778
948351
874256
174839
814781
128708
411324
168269
170752
335562
528408
382970
15285
993170
856787
965108
119152
775394
635352
695197
887912
709966
7765
451294
597847
870190
199709
323349
989097
831470
142143
281874
779821
532750
973064
110953
661457
384388
795574
348560
719949
323981
731530
251585
317150
588316
216692
952653
880061
852043
164201
284324
78361
171965
251969
676207
558507
451677
999555
547603
799499
141697
829477
579319
190798
318892
690271
852254
703279
485844
200814
939579
326176
448695
707516
643326
553362
440559
112330
433422
808954
276531
234098
887314
448495
486066
563520
7001
454095
563074
70956
253593
221123
416784
832911
411920
735675
39533
780526
955306
41729
981339
411236
367904
430033
118751
527581
499746
75662
639911
933167
884615
916441
683616
771928
881287
169682
851799
888288
623776
414872
475595
877368
152346
892378
710278
80618
144404
266162
861143
99709
307890
358833
510945
675794
788865
146047
203374
804962
221708
843284
254480
622674
276076
938096
910953
157363
107777
762751
562002
731552
693975
37596
125271
846320
446325
351900
443289
590728
618061
304431
690437
925951
663263
717733
118096
968479
380131
321469
773440
118191
681105
27920
740864
473532
966015
651817
630894
590143
414567
709247
838046
624893
746842
963316
471213
193166
315215
914501
300246
449627
735284
990682
375577
398546
224766
10024
883377
604896
331493
173168
239438
528949
201087
980302
2480
683453
148470
149726
789947
79388
858972
627992
704281
605814
591307
691845
315331
422873
122697
615576
872500
857980
122609
764428
772878
863726
774452
172606
984974
622296
345773
224411
151244
63212
721064
670075
263016
385885
819800
52963
465273
678772
680954
685905
800937
788613
894101
632619
727837
16797
764547
600336
391129
887155
881116
680358
750881
171919
852963
252206
794214
715087
476616
461809
778298
197680
648235
41314
583564
468035
94276
565188
663158
291581
251092
464094
596545
145192
613064
324382
678341
377610
441069
69469
781117
322184
266178
48349
494102
635492
300554
804667
350578
777169
266475
128876
491200
431062
686541
591116
899096
297168
156303
78605
588748
923747
59050
185293
585290
672113
509674
779982
566075
950742
365802
347191
789278
631979
395539
799731
267470
212444
604398
618048
505964
387224
263275
997164
818285
466167
588279
233732
763334
260933
312336
868433
701031
371385
570077
286321
43498
596102
582654
609572
63196
948456
473114
852473
580434
385004
652203
364256
597447
772952
498655
103410
160176
761929
616925
494812
744447
721555
728544
24132
982488
557231
892564
199870
928616
462641
2542
488465
575094
585196
614388
638289
533651
603853
7113
114084
988856
175668
994691
586302
948619
493345
206063
625146
255273
822988
636310
516071
60894
881205
540202
43381
438435
432766
759603
883402
411758
762144
371866
503203
347339
502605
141492
397341
106457
148604
27777
611664
840623
22467
714317
789242
515812
920380
930739
287436
259719
567048
803507
320612
448252
343708
880345
403039
292825
639947
286440
220934
918442
174658
724137
265781
193614
381980
663121
816423
530583
690897
428086
887558
713364
142403
193151
745527
579134
123889
32962
838852
207289
836468
675815
171892
696528
72511
574930
989352
712457
377722
210286
630899
68731
450774
413031
262344
832753
592503
78766
879687
799752
506852
767244
29467
165606
960394
774993
744739
600635
807954
583590
807923
160774
775756
979814
857301
848267
71096
846652
77075
965169
573289
224325
33899
540414
637355
296242
373166
746210
891360
252853
545961
398211
536448
91779
80168
496842
866771
824906
97476
674724
924847
421750
351849
700602
917915
209149
65220
989010
572153
142295
954178
661793
366619
988076
202207
520326
800670
91724
266535
692029
344576
328847
606591
397376
420625
686758
410569
287395
511663
24396
478470
952861
446145
830319
653462
364059
555819
718682
869421
127971
860976
823598
789764
743946
328026
508322
264271
645047
600045
47157
853427
460973
376003
460017
858348
796627
663126
785268
600373
691140
809663
595195
644000
772159
941865
813813
652569
497683
532494
521989
142006
909821
861939
448121
653767
706316
956442
434389
351362
72838
481546
204788
533810
373900
181156
908509
686879
360633
693776
287251
51772
19790
398797
212123
308300
340661
25935
960869
838344
558429
482857
980349
984601
861147
944821
154719
567462
901262
589108
435175
974099
587005
156314
24261
960904
337469
449121
647782
698101
659249
451385
266224
679038
850181
478346
987338
190842
504281
948206
545537
579061
947414
42237
563661
324913
987057
234732
892374
888318
823839
843901
378768
927195
214
919380
404450
337683
368501
568584
552135
27749
19968
818359
706786
386500
813056
210475
577341
317336
675032
639229
412748
138798
681465
492761
463710
184873
727492
872435
73190
67682
716335
968310
511228
716549
887689
915677
570583
772541
484260
122717
800289
20579
457427
23427
407079
270483
750253
500771
104170
425285
140000
33270
564082
337816
526030
544143
522689
769873
416577
112230
837554
132912
80539
348781
849460
484580
780809
420042
257120
265069
59110
573761
285647
32889
597187
692725
819723
863791
709848
440244
289075
849847
473513
369508
187662
515894
913650
710350
285766
846579
338932
639671
979490
419470
988451
345301
420401
285612
281694
193873
550680
340803
283985
352678
890043
881171
561755
709765
261313
271602
150009
550388
637800
623521
436247
341813
139415
866249
52163
941532
712827
391094
581203
208668
326915
86005
553968
263668
371616
835661
973892
438647
692815
257876
791325
582858
655398
869431
292622
916710
141032
958982
467097
295183
582503
419696
636995
238269
285944
205509
179800
515122
112954
761002
723789
956221
363359
794108
219888
734974
146120
193779
173621
838934
451654
481297
938143
107051
350727
747117
540112
8110
706098
523561
303292
804952
943256
940286
43220
745551
662147
739372
260672
775100
500373
984460
731320
380083
294919
467559
115057
441038
661337
805029
279971
629342
286325
734466
252744
153403
481582
792856
161512
704031
316416
981155
508983
776023
437792
68554
521573
99938
807925
782244
875038
824650
283055
122709
204732
577973
590268
319788
19010
767956
124816
815332
397298
927492
549797
166393
80894
547730
475600
758757
251761
792015
739911
277095
568037
694055
345648
605961
793992
153573
388204
185381
494574
671258
308090
699305
765582
414709
535445
784591
182664
176612
116275
96313
104104
182423
262706
701349
730153
738305
460106
498265
46672
716368
775359
131060
410422
637358
737021
720766
307282
125224
422498
801855
312834
246939
501160
594767
661647
36604
895710
360663
213215
11984
456975
833670
194406
719680
535019
440910
457985
511476
939174
21008
744195
230884
152067
670969
384594
889087
391734
691875
530663
330583
493730
359848
577522
511241
954614
755520
64196
366675
116182
793762
378658
573157
627432
89416
292836
678802
530325
267172
706629
985851
804531
450823
216734
956598
121791
117679
362036
513524
809554
892698
360459
819635
768897
937980
847227
239863
693499
427774
606537
326033
221535
501547
899189
365318
590962
708376
44119
121286
491900
267099
107136
296430
717922
840222
769379
839712
474252
131415
869588
283805
540464
230046
619791
825713
684377
983369
65575
894227
411142
188463
220259
149029
690009
635799
514346
280970
344175
74817
918608
352426
341915
25743
648855
59836
382316
934586
899548
856568
66000
285487
656724
122815
515532
792867
948527
716260
292587
530453
610486
703729
718916
830745
852757
408924
466543
367102
689894
327069
958270
608501
195846
300185
150595
361053
876372
49263
295638
292271
422182
877989
577757
595257
803
609640
388123
465682
325899
197062
996134
936385
900790
715049
283481
269898
123973
266375
153351
330218
109796
111621
938718
305641
928157
605664
666693
804528
171278
962330
96799
593459
356670
674555
188716
357473
800547
93190
823154
126445
290251
335639
579181
707392
50688
379013
977289
174660
161740
646992
21229
271535
758612
959946
93527
686768
81961
760220
7647
253239
238901
104445
363049
595571
295352
551764
469395
95898
161306
808900
738694
967908
144538
317875
191652
195225
213239
685292
886236
374978
332283
907464
646512
90894
383761
256391
294013
465722
16610
301660
235312
771862
922456
598360
883784
217807
666476
353178
830056
344133
162077
568750
312040
306615
402976
503691
18191
616214
705335
420779
991192
37617
328242
154055
128511
228355
926797
938875
694076
943406
240534
445739
231620
162990
44098
115403
897148
710573
984933
727204
571057
147009
295953
883097
969975
215280
903139
504518
831493
608473
925296
339036
646090
769889
9443
290952
998243
936239
229826
208670
395997
986712
654408
627616
666053
214858
259370
563200
441782
244302
806755
12839
907663
102707
412287
393989
317986
315425
898506
665831
440250
340153
521218
602691
110042
530660
409994
624636
983251
639819
833306
379247
142882
4065
523214
808934
218922
298935
888486
660704
543237
695240
189894
967251
314299
602180
361239
148636
917604
776097
330818
874205
116249
852036
476895
742642
382695
403240
367278
365945
43059
716935
261543
702292
720999
301108
27578
939921
600043
916063
116976
659631
127654
306869
626881
958304
909048
504471
106940
343003
796919
437757
733560
913168
289792
726806
172161
188839
130046
55790
71135
689456
772724
849030
391747
10075
150137
935676
466347
266531
368090
583322
926161
495744
406542
69393
970399
831941
573864
77338
691295
370782
31447
424854
800301
837590
151660
488814
542780
798057
60955
130267
487512
833679
979296
395610
360105
645784
331286
826451
912315
699375
926124
838475
711470
332665
424220
681869
680957
514435
275558
372251
401568
823356
313457
718221
177298
981468
207034
720077
779524
267988
366695
783387
618018
345990
178996
978122
991774
26633
320924
420440
242360
247047
775266
470181
96063
199485
668401
293371
230271
943959
665622
631839
283666
495430
350059
460963
476897
73444
697392
772772
857783
580438
556158
992153
926428
251505
486626
434553
794490
807550
854992
36849
570948
146609
507029
183363
346094
175430
476733
576364
635740
658706
724554
435757
154135
74612
413072
147383
664407
626815
920154
38542
207252
992663
30694
133679
244168
517319
84583
555009
841220
455926
591857
412168
602535
615237
595530
464980
307018
588614
557695
942757
247320
282249
894866
401454
873212
307937
548837
537619
934751
468990
576160
142002
978005
123205
792033
738524
640523
392967
293532
998095
848893
401740
926614
967779
16976
38495
949110
323994
627108
506804
783102
874427
789052
677967
275881
178616
502255
341069
232586
437005
326410
325097
95359
304414
448301
403743
42937
605175
796709
336468
603269
161953
738207
529882
129731
271535
84728
78840
111880
711836
101996
411333
586262
407399
605652
378494
586014
107906
719562
818599
61263
45972
143695
156621
350385
108347
560363
909674
713522
873423
246141
316790
35376
500700
363024
681458
288586
447751
276650
400465
675938
378645
811797
262200
786043
417448
640693
888409
41706
360255
223359
102968
406226
367054
775940
272962
475400
336302
182635
705273
209724
945128
538415
761451
962179
901438
442909
250764
865540
719558
651228
541478
98202
979376
320029
400596
913176
960721
289004
954881
837327
512363
57848
759904
395768
833787
32866
387519
686440
731852
92792
412515
676979
631206
690318
639157
48995
133226
889920
430886
369135
57499
488715
983688
36875
808743
384283
466402
285816
189639
421282
123142
702001
995481
883046
614120
345619
432263
517990
548410
164114
610781
960924
841093
758338
651241
996601
323684
300818
402873
754570
669952
460371
759636
653639
13597
84731
554274
479998
370546
743912
417631
10039
962264
929463
409436
92735
275081
841698
610724
823490
522164
737857
300766
879608
496194
468358
876208
819878
285528
279080
90799
955479
255803
366786
125470
785751
451516
196095
782101
338413
456358
199731
348452
934973
129194
757887
27707
920626
115937
638430
260468
638100
892638
561233
34059
388832
545942
910266
725061
831469
705698
332211
303300
477852
698996
945121
263602
666864
141215
45702
5276
113924
761785
353727
48896
407330
627966
76602
327955
260254
231383
104774
414705
124021
182358
448763
29204
728300
359028
270616
76120
581077
119178
379419
58928
334525
840891
322530
1388
498457
884583
6664
612380
646367
876742
661275
53696
21059
254228
898003
281312
1963
2776
212368
642335
185134
661130
187890
429785
536510
458505
505904
117586
94034
401675
692866
428558
242565
531747
429946
741022
416329
952961
869753
579048
346054
47380
149095
367113
301607
563449
164776
819921
566225
377144
978607
267710
554625
166496
697494
91134
141352
719749
725072
235385
121423
417937
180295
363988
466035
610240
621361
398715
563200
491113
977762
425605
538492
643209
309069
356451
206657
473845
692723
772881
367340
671330
556942
921964
354177
770787
529450
11881
490536
254521
763617
611958
188809
943911
492297
171195
554150
630009
569909
633701
121122
64023
59306
175965
707231
368374
532415
913887
358570
225138
203120
242261
896467
760061
680577
766995
530848
726378
778875
537735
497250
542492
666044
686058
486402
158341
373604
556904
304701
943512
190604
425822
7534
766261
601787
231116
650987
134201
145003
525908
875690
348122
284521
288508
624534
965097
55503
671733
691474
834377
209467
705075
893220
391863
391132
379622
66555
281087
936525
371255
224598
643480
797077
748484
926093
915215
979599
93431
565767
124601
135690
441457
989074
420210
729964
129960
901658
301818
801692
109483
136195
527511
814557
29414
919373
722040
925387
985927
3126
378263
357181
744076
538095
670609
492559
980539
585823
988509
73969
151590
629462
726010
109398
618535
662572
839361
264846
564229
657531
66538
190064
793725
594048
4620
339490
29772
243012
781229
15698
246137
159491
372878
506564
213937
559839
999122
194475
145661
987631
784795
297250
617092
510805
922999
751978
173376
278712
16824
253956
936242
599713
444019
246318
710112
964991
585807
739883
724354
883387
755580
970490
42878
644809
477054
773166
204647
992527
967641
866660
496509
268787
680261
629952
779591
603260
381930
469318
881971
915105
239626
818212
514817
683644
64529
224928
164986
166687
481162
889339
50074
236741
376181
609303
397901
369586
382468
118900
878464
866460
985559
374973
135247
665819
4924
914837
269078
903205
900507
151048
334661
140132
485611
365829
340127
550139
107108
21465
233178
588269
427155
283251
341361
803335
408905
739262
689272
791372
374513
567736
174184
360071
459060
309430
25889
980335
740618
811319
399892
641124
962366
734552
297607
964329
100381
154086
514467
723840
175550
263996
312109
602704
63598
653469
922391
472502
909082
611662
780226
283594
695749
954409
643664
154808
263838
185905
135143
520807
997223
535034
678283
475940
269585
975889
440268
886317
646326
471087
126509
821875
735082
438617
940931
798680
608437
863321
787533
33871
991334
84110
317464
687083
38518
477480
841890
818707
179736
493384
339514
176958
28417
17796
169249
814354
510036
609517
217022
156362
596955
343530
494588
332036
298498
435518
647067
423287
815190
950952
457157
322876
35061
290972
9958
589931
768451
368199
408637
464538
377935
264502
157847
406351
798649
327096
737056
308685
452964
470430
981398
49918
330311
475985
898305
628809
427855
61724
52095
243044
12675
25603
565919
564087
316574
92228
154017
601377
976779
79006
65914
354713
343507
223761
277415
658508
67208
530823
967192
520171
1252
464941
86440
847914
940925
984744
993074
368779
46467
45168
128175
575493
70770
210445
655932
903696
819025
809948
505072
795803
405305
570985
666867
748812
311097
944281
923671
378304
991455
407214
898474
992706
872154
501265
356972
813078
486009
350045
698209
48827
911565
826383
140672
498686
553179
796603
402381
372203
606550
907452
168005
11855
478437
834871
277018
789533
295504
717040
684189
286958
124253
99014
796016
996406
600279
152987
325835
86287
503031
540395
651465
930947
883129
792136
429633
436308
588738
832013
808510
711640
739465
492867
239846
734253
844089
33215
523785
655944
750254
724325
459254
874506
823339
255269
387263
423617
924607
229449
26255
943989
769844
677719
874936
652972
986207
304568
89279
574944
136580
414141
802935
392396
423359
559132
126648
783799
592346
166785
439743
858951
891109
898996
249808
714447
670616
637070
138063
595222
866519
164317
539210
152714
358388
930497
805685
344594
235064
411316
435889
887996
341808
238824
280391
765166
797955
923391
548964
906653
90175
505058
765603
981283
404053
15411
695730
74668
168832
350144
186241
551702
514461
241803
704415
872848
172299
26452
733793
923715
437767
169681
328062
779574
408504
124804
61091
722811
48194
610054
145815
138368
115112
427769
636003
35516
443179
331732
626536
128363
681875
812776
196416
712687
54578
900831
101886
743229
443634
835678
666943
881400
521711
511356
177325
446566
636159
238415
169376
200705
364820
831542
339072
996283
259311
975074
548151
218841
823157
174686
347203
21384
987461
59971
250422
558391
960801
352308
817971
920786
704337
484913
318537
226047
512620
495861
672613
148778
250627
358340
349482
131798
189882
204906
644433
449192
696331
192583
184384
35840
367268
531587
57223
871080
591557
307644
945822
68709
176303
763792
505846
880640
765056
824382
623038
277675
320242
295650
942805
87220
170342
808638
219017
876575
529895
863449
325766
226226
572383
510149
778417
939650
558087
835639
327082
665995
659634
272903
251055
835937
36695
756900
232928
318102
581281
855965
595777
417874
667967
54933
505093
838308
863570
240462
714882
393465
620262
556999
136042
708997
583499
914458
648646
657938
266448
492079
840284
926081
281334
607691
278369
834380
364590
511296
152481
462223
367261
264609
396448
551579
319541
417893
906238
699463
658354
137471
609279
794967
210821
745320
503963
310671
176129
668961
968608
442576
677391
325244
885008
958724
932934
163377
793103
813875
191024
461936
276097
74636
726544
672545
626214
46085
90437
532451
745547
265142
186273
354825
576460
397093
616496
596775
707764
308976
782087
192723
267903
459477
517966
669262
934553
450899
832638
727655
781126
540014
189590
57222
614649
916134
246118
240863
478570
852906
289665
740468
634399
475938
611644
210859
389382
744491
323985
97145
53466
106071
289868
837720
81899
324185
506981
16451
775084
855971
744106
72561
395984
450047
129782
10632
882532
892252
767846
877453
261509
57511
617920
895908
49800
745915
106766
439181
490405
947102
52678
60222
53172
858897
897941
135070
183081
404922
151521
474516
260892
411978
547076
656875
378376
193210
183858
260908
85461
951704
654712
346969
525566
788984
759228
91717
534898
382345
530897
541655
329446
99926
601876
382617
958822
16169
34039
141903
937442
185559
616418
714685
113888
163494
887911
492263
356703
71768
269522
958515
23471
440586
821835
65388
229569
97415
157104
764466
479759
204353
822472
809205
304278
940700
708173
263100
956868
742211
921354
410661
444121
54123
125345
74360
217616
13255
82975
90670
601374
868848
565536
141197
309433
903723
206584
539001
1137
363688
819819
997247
568040
642290
806451
388669
99341
30976
168120
56208
289538
89473
983220
250011
659948
108564
324370
877563
638170
923696
484585
239544
792544
566472
380740
101976
986546
103675
157329
987682
467362
977147
984929
551753
135788
307731
456774
235129
855058
624893
807688
144596
230718
790908
910958
890665
415823
751679
284579
53993
675375
285515
809888
467918
851987
706979
86245
354884
810653
243573
342566
794367
737071
843846
862471
872859
667928
319244
107987
522986
460489
915674
183933
691206
222933
94890
98222
638756
362920
382800
209100
38294
668315
18987
22563
36653
242317
625160
391536
52969
385084
250453
363687
122155
94298
226158
995013
278578
61753
619351
317915
522241
535024
501847
729798
274309
113088
828019
913064
476007
210819
122163
30653
395485
657501
569567
432137
899817
711078
340024
469137
96162
590477
832824
218316
201126
575333
213328
996055
153437
832678
313969
192030
884053
815815
921827
674713
445254
749846
587776
437613
477016
226290
984617
872500
400142
554183
820988
816310
265261
161011
285447
361422
267839
634622
96089
985317
726306
309416
981371
396094
658445
295340
588123
58849
627506
509950
733562
72760
776147
837689
26724
253162
580331
11340
125661
980472
565522
463000
313134
347134
140362
114932
224907
408201
749553
320995
909869
992210
146762
891239
388303
805206
702930
976426
380407
330436
2727
113968
919547
778873
468008
946270
32034
48338
957609
674046
545162
39482
137045
858295
386616
277406
973226
127874
201958
239130
448869
111826
747691
111982
519417
135993
917188
222346
628770
813946
552781
147848
444265
472327
926720
912272
934948
475105
960610
892556
149150
22123
448390
802546
880417
351357
596304
369994
479230
314613
609123
444450
942791
356813
556432
462207
9157
989971
684552
154279
803916
753685
302126
248180
742363
228846
160451
677311
703950
637412
86218
369452
659534
534607
688349
56302
885963
801004
426295
365193
115617
551769
809642
574759
424933
366073
36965
434090
356043
237868
588368
676310
991552
890493
924489
250267
635690
84940
927577
855992
238703
13794
741795
414589
548401
430143
470890
434363
747499
413537
315907
379467
965305
125549
954225
390238
7973
991189
340679
880368
745408
929046
556677
253312
335890
481166
503578
971580
82457
947506
343923
837511
961299
85717
252099
26051
32211
239341
976766
779709
652877
292672
159175
134533
934572
113399
524770
942545
620939
381800
339264
366347
310845
895940
619658
163087
893457
639587
651018
492265
587092
994940
846128
64742
80656
98226
607145
112866
853918
583910
408927
506794
392933
568101
641327
327505
197852
682448
786401
818790
64248
125664
701488
891444
537955
837497
54530
947764
477083
705547
956380
580526
216838
318859
645268
297493
933437
768764
926711
787354
352673
851989
294148
261957
420089
451826
589461
134292
134273
892213
953082
714872
534228
654569
606316
72183
492066
177197
536298
485500
399096
9029
66026
615933
327888
227645
429778
261324
996408
872840
48677
865432
724828
859176
127388
661268
311001
233201
795560
961626
125413
748641
676497
659641
919561
799164
248175
927978
976361
784472
413478
375456
793500
995855
991388
637739
223499
421165
899062
736258
810356
947739
601689
535183
323266
729076
196451
634267
962276
992010
595892
604041
257002
788740
263681
692914
587904
511855
137244
80616
812678
67073
456071
122529
62927
963810
760268
802777
901327
659329
539034
711682
123419
140722
246865
446685
386149
959667
597303
864777
468028
709546
468817
241381
498285
732497
934294
602540
760703
587889
683155
573380
654961
655577
212260
717887
619387
972527
520663
520713
148208
59696
748746
787978
716769
511962
751014
619270
471628
348316
484046
939655
574213
952862
697387
72498
201710
631681
191389
962412
219569
874544
52143
874530
46472
264402
108768
665858
753281
145783
702922
901488
721830
451668
205817
438599
963629
956831
57868
951609
821498
58265
407615
395711
11126
105002
984560
729187
253034
692300
207950
988954
83195
260092
379835
129667
40845
488603
795524
794125
634385
14798
211964
872566
982817
934133
827516
462797
890963
885383
414405
228812
459999
338372
140874
471124
443373
641785
716662
696406
334085
924611
201711
417279
701054
581546
546945
741899
586500
858821
52375
737236
389970
780691
609801
372786
714823
437317
835582
122137
839051
766339
350948
299050
104710
8174
286525
548082
649958
3187
760839
984042
927797
962549
401321
628851
544094
464617
887101
130593
839789
455827
867828
229758
236517
993981
602543
467691
431297
438125
589827
270347
204463
457127
85748
825524
465300
372273
373605
115257
375459
650795
99299
819607
613343
16971
964809
673789
997939
851909
320733
837728
307736
704913
67485
60604
698893
186380
528295
646541
140856
634473
433239
345318
91599
518987
170841
73250
891259
60797
188507
783069
711591
804157
602675
841285
337479
567484
515073
335417
935744
352158
689496
243479
57070
756981
820435
272314
943360
348729
918854
84215
983201
352092
945884
591152
871078
633076
664401
278688
210224
369259
61756
438166
173415
180783
279450
27245
264618
310875
362662
200361
663032
52157
960192
236453
325489
780626
508766
785200
129354
943971
385766
628906
296062
331649
220057
683492
481076
884458
478531
691299
770068
56639
129464
943483
237421
925266
487079
18390
236140
849740
218750
415523
418249
178941
651975
260089
959566
677092
45289
605271
621062
431054
234177
433475
279055
970585
633318
276482
371394
111849
967781
141462
684839
613596
601296
922259
55213
88374
940648
291352
454466
675749
223226
389066
371042
875200
649154
330607
68643
210794
452230
689704
641848
202758
639531
437254
173342
272848
713735
61088
901048
197867
202549
585886
327815
803844
24496
383027
408569
481495
190731
863034
157244
413956
252099
528285
805508
417605
375243
874150
628398
827472
563854
786597
546581
719736
223850
719923
992583
937585
781010
409983
651803
499910
995868
979617
303753
20364
362644
228673
501858
553374
91707
175453
483681
860157
703737
289188
794113
595332
163338
422511
422803
243543
725459
485736
963278
949309
205658
472212
403245
503019
882194
55047
519280
394414
34664
823032
414777
913659
568056
432986
983384
659762
124791
467064
36271
344879
756252
830383
940210
435941
769245
879365
679483
494704
365100
159112
960364
87109
631323
879960
106479
29869
935006
625758
424282
486021
965141
355410
399679
533196
788395
899414
709310
429537
366478
745580
774416
639081
92314
714625
591373
377911
593989
270855
872614
959088
946318
349329
