1
3
7
18
22
23
48
67
70
76
80
92
96
100
102
122
125
133
146
154
184
188
191
193
196
200
206
210
219
223
225
231
232
254
264
269
270
274
278
281
300
311
320
324
332
350
366
370
374
378
389
399
403
408
422
423
449
466
493
508
532
545
571
600
604
612
616
621
626
639
644
651
654
656
688
717
723
724
731
737
744
784
789
799
805
814
821
826
858
886
886
891
902
924
936
942
959
964
978
994
1005
1018
1047
1123
1130
1158
1183
1183
1184
1193
1198
1263
1266
1289
1291
1292
1297
1299
1321
1322
1323
1336
1345
1347
1352
1359
1365
1368
1376
1390
1410
1421
1428
1433
1460
1463
1464
1498
1502
1513
1513
1517
1548
1552
1577
1581
1583
1602
1603
1606
1613
1622
1623
1631
1635
1637
1644
1650
1651
1652
1652
1669
1673
1687
1698
1708
1714
1723
1731
1733
1741
1757
1764
1766
1777
1785
1786
1798
1804
1811
1842
1850
1883
1909
1920
1927
1932
1936
1946
1981
1992
1995
2012
2018
2023
2037
2037
2054
2060
2062
2064
2069
2072
2079
2088
2092
2101
2134
2138
2147
2160
2171
2173
2177
2179
2180
2189
2198
2203
2219
2221
2254
2259
2260
2264
2265
2267
2268
2281
2283
2286
2290
2318
2344
2357
2359
2393
2405
2423
2429
2429
2440
2443
2447
2452
2461
2466
2470
2471
2473
2476
2483
2486
2486
2487
2492
2512
2515
2542
2552
2557
2560
2564
2572
2575
2578
2580
2607
2611
2616
2623
2625
2654
2660
2664
2668
2670
2674
2674
2678
2691
2708
2711
2713
2728
2740
2744
2747
2749
2751
2759
2769
2803
2809
2811
2834
2835
2835
2843
2849
2890
2899
2911
2922
2926
2939
2959
2965
2967
2988
3001
3002
3003
3013
3015
3017
3017
3044
3046
3047
3067
3070
3077
3098
3101
3104
3123
3133
3141
3165
3165
3174
3178
3197
3204
3217
3226
3230
3249
3254
3260
3297
3298
3314
3321
3335
3342
3381
3400
3405
3414
3421
3423
3428
3433
3435
3457
3496
3496
3511
3515
3523
3541
3565
3568
3574
3582
3587
3596
3604
3617
3625
3628
3643
3646
3648
3659
3664
3682
3685
3689
3699
3720
3723
3726
3753
3757
3759
3761
3762
3784
3801
3814
3840
3840
3841
3846
3853
3857
3860
3881
3897
3904
3909
3920
3933
3933
3934
3938
3944
3975
3994
3994
3995
4012
4018
4018
4021
4023
4026
4027
4042
4084
4101
4107
4135
4162
4165
4167
4167
4188
4223
4242
4244
4259
4279
4295
4301
4303
4328
4333
4347
4354
4358
4361
4365
4380
4380
4388
4389
4401
4419
4439
4446
4455
4457
4459
4465
4487
4498
4507
4508
4515
4540
4545
4553
4582
4583
4585
4593
4595
4602
4612
4627
4632
4633
4648
4656
4667
4669
4684
4712
4714
4723
4740
4762
4768
4768
4772
4777
4808
4827
4831
4852
4872
4875
4886
4887
4887
4888
4893
4896
4897
4900
4907
4912
4922
4928
4942
4959
4966
4967
4974
4976
4990
4995
4997
5017
5025
5028
5037
5046
5049
5070
5070
5073
5082
5099
5104
5111
5112
5138
5157
5176
5190
5197
5210
5211
5214
5216
5235
5272
5293
5307
5309
5310
5317
5320
5331
5335
5346
5357
5366
5405
5414
5414
5417
5427
5429
5430
5457
5463
5476
5485
5497
5498
5500
5510
5511
5518
5539
5554
5561
5570
5579
5587
5601
5606
5616
5639
5652
5726
5763
5794
5803
5836
5844
5844
5848
5856
5867
5878
5903
5918
5921
5922
5931
5935
5943
5953
5976
5978
5986
6005
6019
6031
6032
6035
6049
6085
6098
6110
6129
6131
6133
6146
6169
6176
6223
6235
6245
6252
6255
6256
6259
6263
6291
6292
6293
6295
6296
6309
6312
6332
6337
6366
6369
6384
6407
6418
6423
6424
6429
6430
6443
6444
6460
6461
6489
6507
6555
6555
6560
6572
6592
6595
6609
6627
6634
6638
6646
6660
6678
6687
6688
6695
6709
6722
6738
6755
6766
6774
6779
6790
6804
6806
6815
6816
6834
6849
6851
6865
6870
6894
6911
6914
6916
6937
6947
6953
6962
6991
6992
6995
6997
7006
7010
7013
7023
7024
7030
7031
7061
7069
7069
7119
7120
7129
7130
7143
7145
7167
7175
7175
7188
7200
7201
7204
7204
7215
7221
7221
7223
7230
7248
7251
7268
7279
7303
7304
7312
7326
7331
7338
7354
7358
7371
7378
7379
7384
7384
7385
7388
7399
7406
7417
7426
7428
7446
7451
7455
7469
7471
7479
7480
7497
7514
7525
7535
7566
7576
7584
7591
7609
7616
7622
7627
7658
7668
7668
7668
7675
7676
7680
7700
7732
7736
7736
7756
7757
7769
7777
7780
7780
7807
7808
7817
7828
7829
7844
7845
7855
7862
7864
7876
7891
7898
7899
7907
7917
7923
7925
7940
7942
7961
7970
7972
7985
8011
8011
8016
8039
8062
8070
8074
8075
8075
8085
8094
8098
8110
8110
8122
8140
8140
8144
8148
8167
8168
8172
8210
8213
8235
8238
8240
8244
8284
8286
8317
8327
8338
8363
8365
8369
8373
8378
8384
8408
8414
8416
8416
8422
8435
8442
8443
8491
8491
8509
8516
8517
8519
8520
8540
8543
8555
8557
8563
8566
8575
8583
8595
8599
8599
8600
8609
8612
8629
8637
8673
8676
8696
8702
8713
8754
8769
8775
8784
8810
8815
8816
8828
8840
8856
8863
8865
8880
8884
8896
8897
8900
8908
8909
8912
8920
8927
8946
8950
8951
8962
8970
8979
8993
8994
8997
8999
9001
9011
9013
9042
9048
9054
9057
9067
9090
9111
9135
9143
9146
9162
9174
9181
9186
9195
9210
9212
9217
9220
9221
9227
9231
9244
9258
9269
9270
9282
9287
9305
9306
9314
9316
9322
9346
9378
9398
9399
9425
9476
9483
9484
9486
9487
9501
9515
9516
9518
9538
9551
9561
9564
9572
9579
9586
9588
9596
9611
9612
9617
9641
9645
9662
9671
9686
9693
9704
9711
9720
9737
9746
9746
9750
9760
9771
9772
9787
9808
9819
9827
9839
9841
9842
9844
9850
9861
9863
9877
9883
9888
9891
9900
9924
9937
9965
9967
9971
9980
9982
9990
10003
10004
10012
10029
10031
10035
10041
10044
10049
10052
10063
10085
10095
10096
10107
10109
10112
10123
10125
10131
10132
10141
10147
10177
10196
10199
10215
10215
10224
10231
10246
10246
10253
10276
10276
10287
10290
10297
10297
10300
10302
10318
10346
10364
10405
10408
10413
10418
10419
10434
10458
10467
10469
10488
10504
10508
10528
10531
10539
10546
10552
10557
10569
10572
10573
10575
10580
10607
10607
10612
10614
10623
10628
10646
10664
10666
10674
10679
10682
10690
10694
10710
10711
10715
10718
10723
10727
10729
10730
10756
10782
10786
10792
10798
10801
10804
10807
10816
10845
10846
10859
10861
10868
10884
10917
10938
10976
10976
11000
11035
11043
11078
11081
11082
11086
11090
11094
11097
11120
11125
11139
11149
11153
11167
11176
11179
11188
11195
11206
11220
11236
11240
11247
11256
11268
11270
11283
11292
11297
11303
11311
11362
11373
11386
11387
11402
11406
11414
11416
11418
11420
11436
11442
11456
11462
11464
11489
11518
11531
11533
11540
11552
11621
11624
11646
11654
11674
11678
11704
11709
11716
11722
11741
11747
11748
11750
11784
11803
11806
11810
11811
11814
11824
11862
11888
11893
11926
11933
11937
11946
11974
12001
12006
12006
12012
12017
12038
12052
12053
12056
12091
12111
12119
12121
12125
12126
12130
12138
12144
12153
12157
12158
12158
12172
12180
12184
12193
12196
12197
12206
12221
12225
12228
12239
12266
12268
12291
12309
12310
12320
12320
12352
12353
12355
12359
12372
12389
12393
12398
12412
12420
12423
12453
12464
12487
12490
12497
12501
12506
12509
12516
12540
12542
12546
12561
12580
12583
12593
12600
12605
12607
12612
12613
12621
12637
12650
12671
12673
12683
12698
12698
12699
12701
12712
12722
12724
12735
12742
12768
12769
12773
12775
12780
12783
12784
12805
12839
12842
12858
12877
12883
12899
12904
12913
12918
12926
12926
12943
12996
13001
13005
13010
13038
13088
13094
13106
13109
13115
13147
13150
13173
13198
13222
13234
13257
13267
13271
13281
13287
13297
13319
13323
13331
13351
13368
13381
13386
13394
13402
13406
13416
13417
13418
13433
13434
13445
13447
13451
13455
13459
13478
13495
13525
13563
13564
13571
13571
13588
13589
13611
13611
13618
13619
13619
13630
13638
13638
13649
13659
13687
13701
13706
13709
13722
13740
13745
13762
13765
13774
13777
13778
13787
13798
13801
13830
13839
13840
13847
13859
13880
13885
13888
13894
13904
13918
13922
13933
13934
13953
13954
13960
13963
13963
13964
13965
13969
13983
13992
14046
14046
14055
14067
14076
14076
14113
14119
14161
14163
14164
14171
14179
14184
14197
14199
14201
14203
14224
14228
14238
14258
14262
14265
14273
14276
14283
14294
14299
14348
14350
14350
14356
14361
14370
14374
14376
14392
14395
14396
14396
14407
14419
14422
14441
14458
14460
14470
14477
14490
14491
14495
14498
14519
14529
14530
14534
14578
14584
14588
14590
14596
14618
14639
14639
14648
14667
14717
14718
14727
14733
14762
14762
14769
14776
14785
14801
14808
14812
14815
14854
14886
14902
14933
14934
14934
14937
14941
14954
14976
14979
14986
14988
14989
14990
15003
15004
15014
15017
15058
15062
15064
15072
15083
15087
15091
15097
15105
15126
15139
15143
15146
15148
15154
15157
15161
15175
15181
15182
15190
15195
15198
15210
15217
15225
15248
15249
15270
15271
15281
15287
15297
15313
15313
15318
15339
15344
15355
15356
15365
15375
15383
15388
15393
15411
15429
15440
15449
15453
15459
15460
15464
15469
15474
15479
15480
15485
15504
15507
15508
15518
15530
15546
15551
15551
15558
15565
15571
15574
15588
15590
15609
15627
15640
15659
15666
15666
15669
15680
15687
15694
15720
15728
15731
15735
15757
15762
15771
15781
15789
15796
15803
15815
15828
15832
15834
15839
15840
15907
15910
15917
15917
15918
15942
15954
15957
15964
15988
16002
16036
16048
16061
16068
16081
16081
16085
16139
16143
16161
16188
16211
16220
16242
16251
16323
16323
16340
16349
16370
16372
16376
16385
16395
16396
16397
16400
16409
16438
16453
16476
16488
16500
16501
16519
16548
16557
16565
16588
16600
16601
16603
16625
16630
16650
16654
16675
16687
16688
16693
16694
16700
16704
16711
16725
16730
16732
16744
16760
16765
16772
16778
16782
16784
16816
16820
16831
16834
16842
16844
16875
16877
16882
16907
16913
16914
16940
16946
16948
16951
16951
16966
16975
16999
17009
17014
17019
17031
17047
17057
17066
17070
17075
17100
17117
17135
17152
17168
17170
17175
17179
17182
17200
17205
17208
17211
17222
17223
17245
17253
17274
17276
17280
17319
17331
17340
17386
17390
17397
17402
17405
17416
17420
17437
17445
17454
17459
17492
17501
17504
17510
17517
17520
17521
17521
17541
17543
17544
17551
17557
17572
17584
17597
17598
17599
17605
17616
17635
17636
17652
17659
17671
17672
17699
17723
17726
17738
17739
17744
17744
17752
17769
17771
17772
17774
17798
17804
17805
17823
17827
17836
17838
17843
17851
17856
17857
17864
17864
17865
17869
17894
17915
17915
17918
17925
17932
17942
17942
17951
17960
17986
17998
18008
18014
18047
18049
18055
18058
18074
18086
18092
18092
18106
18108
18109
18120
18132
18163
18171
18182
18194
18196
18229
18247
18258
18267
18280
18281
18282
18283
18295
18311
18315
18326
18347
18350
18354
18380
18380
18387
18392
18393
18396
18403
18420
18444
18449
18450
18508
18509
18521
18542
18560
18570
18579
18588
18592
18598
18602
18625
18626
18627
18632
18641
18657
18658
18685
18698
18708
18714
18717
18727
18743
18748
18755
18783
18791
18793
18798
18799
18802
18812
18845
18850
18850
18856
18858
18872
18890
18894
18908
18923
18926
18945
18948
18958
18967
18969
18984
19022
19041
19052
19069
19077
19100
19156
19170
19178
19180
19193
19195
19198
19200
19203
19208
19208
19246
19246
19251
19252
19255
19258
19266
19275
19285
19294
19317
19327
19331
19334
19342
19350
19385
19391
19399
19409
19410
19427
19432
19432
19439
19441
19448
19452
19462
19470
19483
19486
19495
19502
19505
19508
19541
19562
19590
19605
19621
19666
19676
19683
19689
19705
19709
19712
19720
19720
19736
19737
19748
19751
19762
19798
19805
19825
19837
19841
19841
19854
19867
19891
19918
19919
19927
19930
19941
19955
19956
19962
19969
19974
19992
20000
20018
20037
20052
20055
20068
20079
20088
20089
20116
20131
20137
20149
20156
20159
20160
20163
20163
20165
20168
20171
20205
20224
20242
20244
20246
20250
20257
20262
20264
20274
20294
20298
20308
20321
20327
20328
20328
20331
20342
20351
20360
20367
20372
20394
20397
20410
20414
20421
20425
20440
20442
20444
20444
20455
20493
20511
20518
20521
20524
20528
20528
20534
20535
20555
20564
20570
20609
20620
20623
20625
20643
20648
20648
20652
20659
20662
20669
20678
20680
20681
20683
20692
20721
20726
20726
20741
20747
20766
20769
20779
20780
20797
20805
20810
20859
20862
20862
20872
20872
20896
20919
20947
20952
20969
20980
20984
20988
20991
20992
20998
21007
21031
21046
21081
21086
21097
21099
21103
21106
21112
21149
21159
21172
21194
21205
21205
21217
21223
21245
21252
21253
21257
21270
21273
21279
21283
21284
21304
21321
21349
21362
21366
21383
21405
21422
21441
21455
21475
21486
21487
21522
21532
21545
21546
21546
21546
21548
21555
21572
21572
21582
21591
21596
21599
21649
21653
21655
21670
21671
21694
21708
21716
21739
21756
21759
21774
21783
21799
21806
21809
21846
21871
21879
21884
21889
21898
21919
21922
21935
21942
21943
21947
21962
21971
21975
21983
22007
22027
22032
22034
22042
22045
22049
22056
22062
22075
22083
22092
22096
22107
22135
22155
22161
22165
22183
22190
22191
22191
22199
22206
22213
22216
22228
22265
22277
22302
22338
22346
22358
22369
22385
22399
22400
22401
22411
22426
22436
22451
22478
22480
22498
22503
22504
22511
22513
22516
22517
22520
22531
22540
22546
22551
22554
22572
22583
22594
22613
22622
22630
22642
22653
22657
22666
22680
22683
22706
22711
22711
22720
22721
22730
22733
22738
22741
22749
22758
22759
22761
22761
22768
22769
22783
22796
22808
22819
22823
22823
22835
22848
22863
22882
22889
22897
22897
22902
22909
22910
22918
22922
22929
22933
22944
22945
22949
22962
22963
22972
22983
22989
22990
22997
23015
23017
23021
23029
23035
23045
23048
23048
23061
23068
23070
23078
23084
23097
23103
23107
23110
23111
23111
23113
23117
23130
23142
23161
23182
23182
23194
23195
23208
23235
23236
23241
23251
23256
23269
23285
23292
23304
23306
23313
23323
23346
23358
23375
23386
23398
23401
23406
23454
23459
23463
23473
23482
23508
23509
23523
23525
23542
23569
23572
23583
23588
23595
23611
23613
23614
23628
23640
23650
23656
23657
23672
23689
23706
23713
23715
23740
23744
23763
23766
23797
23807
23811
23821
23832
23834
23859
23873
23875
23881
23883
23898
23901
23904
23931
23935
23937
23944
23945
23948
23953
23965
23970
23970
23975
23975
23991
23995
24008
24021
24035
24035
24036
24036
24045
24062
24087
24095
24096
24113
24117
24136
24138
24139
24141
24143
24144
24144
24154
24155
24169
24172
24206
24221
24224
24247
24255
24258
24282
24287
24298
24313
24316
24342
24344
24358
24369
24379
24385
24387
24412
24430
24441
24452
24454
24460
24466
24473
24478
24487
24522
24529
24550
24565
24566
24568
24597
24597
24598
24599
24652
24652
24654
24660
24677
24712
24729
24741
24747
24751
24752
24763
24771
24804
24812
24812
24817
24819
24826
24841
24841
24853
24857
24873
24895
24900
24911
24919
24924
24927
24929
24930
24932
24936
24936
24952
24952
24958
24966
24975
24983
24986
24986
25006
25010
25021
25025
25026
25027
25030
25037
25047
25050
25055
25059
25060
25063
25063
25065
25068
25068
25070
25073
25100
25101
25113
25138
25194
25195
25200
25201
25206
25206
25209
25223
25230
25241
25241
25246
25247
25249
25251
25251
25275
25276
25280
25291
25298
25309
25314
25325
25333
25335
25340
25374
25376
25394
25394
25402
25405
25410
25414
25418
25433
25443
25464
25468
25489
25495
25507
25513
25517
25531
25533
25538
25540
25545
25587
25594
25597
25626
25637
25639
25642
25649
25659
25671
25686
25690
25691
25695
25703
25711
25721
25724
25733
25748
25748
25768
25772
25772
25777
25782
25785
25820
25840
25851
25859
25880
25898
25899
25906
25917
25921
25921
25936
25938
25948
25949
25953
25968
25981
25991
25998
26005
26010
26051
26053
26060
26064
26065
26076
26083
26087
26118
26127
26133
26168
26186
26196
26206
26228
26229
26235
26236
26240
26247
26255
26256
26268
26269
26273
26293
26326
26329
26351
26356
26356
26359
26389
26395
26405
26428
26454
26458
26463
26472
26499
26513
26514
26520
26523
26534
26536
26536
26541
26548
26558
26559
26562
26568
26608
26618
26622
26624
26632
26633
26649
26676
26691
26693
26700
26704
26707
26722
26725
26748
26757
26763
26764
26772
26775
26802
26807
26836
26848
26888
26907
26907
26911
26912
26916
26922
26923
26923
26929
26939
26951
26962
26973
26990
26992
27021
27026
27033
27044
27047
27070
27076
27087
27087
27104
27108
27121
27131
27132
27134
27150
27155
27157
27159
27165
27168
27170
27176
27187
27191
27193
27204
27222
27234
27248
27252
27255
27255
27262
27272
27275
27276
27279
27285
27288
27292
27299
27311
27311
27319
27321
27335
27338
27378
27390
27396
27406
27410
27418
27424
27427
27430
27440
27444
27458
27465
27468
27474
27484
27510
27520
27533
27539
27550
27566
27570
27590
27604
27608
27624
27636
27644
27645
27649
27659
27660
27662
27664
27672
27685
27703
27718
27732
27735
27739
27752
27754
27754
27762
27772
27789
27832
27838
27841
27885
27889
27900
27907
27908
27908
27920
27939
27939
27946
27951
27958
27964
27970
27973
27979
28023
28044
28045
28051
28085
28098
28102
28108
28125
28134
28135
28145
28161
28162
28163
28167
28180
28206
28226
28231
28240
28245
28256
28272
28289
28290
28292
28308
28309
28310
28318
28327
28333
28338
28345
28351
28352
28356
28361
28363
28366
28370
28372
28387
28391
28394
28398
28409
28415
28426
28443
28444
28444
28451
28457
28466
28472
28480
28482
28487
28489
28498
28507
28515
28552
28552
28555
28564
28567
28567
28586
28589
28590
28599
28616
28622
28625
28628
28631
28659
28672
28673
28675
28679
28686
28689
28689
28700
28703
28712
28718
28719
28737
28758
28760
28761
28767
28772
28789
28799
28800
28817
28824
28828
28852
28866
28870
28892
28916
28925
28938
28939
28954
28966
28973
28977
28984
29000
29003
29006
29006
29036
29057
29070
29074
29082
29107
29127
29144
29147
29155
29156
29175
29176
29190
29195
29199
29207
29211
29221
29221
29283
29301
29305
29315
29315
29322
29331
29349
29354
29357
29386
29388
29388
29406
29415
29423
29432
29433
29438
29444
29460
29462
29475
29479
29511
29521
29530
29535
29542
29573
29582
29616
29621
29632
29632
29640
29641
29646
29655
29661
29681
29695
29698
29699
29713
29716
29756
29759
29768
29769
29777
29797
29803
29819
29821
29828
29846
29849
29856
29857
29887
29897
29923
29927
29930
29930
29932
29974
29977
29983
29987
29993
29997
30017
30029
30030
30033
30050
30064
30064
30069
30101
30109
30123
30148
30158
30167
30186
30187
30188
30192
30193
30195
30205
30219
30222
30228
30232
30242
30244
30244
30245
30250
30256
30258
30263
30265
30304
30307
30314
30321
30332
30337
30348
30349
30351
30363
30375
30380
30384
30384
30389
30390
30395
30448
30458
30488
30497
30505
30531
30534
30542
30558
30579
30583
30593
30602
30617
30617
30645
30645
30647
30648
30664
30665
30677
30681
30688
30693
30733
30740
30753
30764
30768
30773
30789
30800
30805
30825
30840
30842
30889
30907
30909
30947
30955
30975
30979
30993
31006
31015
31040
31043
31044
31047
31062
31064
31069
31076
31092
31116
31118
31126
31135
31157
31195
31198
31201
31202
31207
31214
31215
31219
31232
31241
31251
31254
31256
31260
31271
31272
31273
31309
31313
31324
31339
31345
31359
31363
31370
31385
31393
31399
31403
31404
31418
31447
31469
31500
31512
31516
31516
31517
31520
31532
31576
31586
31591
31592
31602
31626
31627
31637
31644
31658
31676
31685
31686
31687
31690
31690
31692
31698
31709
31712
31728
31735
31744
31749
31756
31786
31799
31800
31806
31809
31823
31843
31845
31846
31847
31856
31857
31860
31865
31876
31880
31928
31930
31932
31936
31939
31958
31959
31960
31970
31997
32001
32005
32033
32075
32078
32086
32087
32099
32102
32148
32148
32149
32166
32171
32175
32180
32184
32204
32213
32215
32232
32246
32250
32252
32254
32261
32266
32283
32286
32339
32340
32363
32372
32390
32392
32395
32399
32403
32408
32409
32414
32420
32426
32434
32447
32459
32459
32464
32473
32512
32531
32544
32544
32559
32563
32567
32582
32583
32589
32610
32611
32611
32621
32629
32658
32663
32670
32677
32678
32683
32686
32717
32718
32729
32729
32730
32734
32741
32759
32759
32790
32800
32819
32824
32826
32826
32837
32841
32841
32842
32845
32847
32852
32862
32871
32877
32885
32888
32889
32898
32915
32916
32927
32932
32935
32955
32960
32969
32988
32993
32995
32996
33001
33006
33017
33030
33053
33063
33072
33084
33091
33098
33108
33110
33111
33126
33133
33135
33137
33180
33182
33186
33200
33204
33222
33231
33241
33276
33288
33297
33317
33317
33320
33325
33335
33337
33343
33353
33357
33365
33372
33376
33384
33391
33392
33398
33404
33416
33428
33429
33448
33460
33465
33466
33474
33481
33491
33498
33520
33521
33556
33562
33575
33586
33594
33612
33635
33638
33638
33719
33720
33726
33736
33758
33759
33763
33763
33771
33797
33797
33807
33808
33830
33842
33869
33869
33894
33896
33900
33905
33915
33938
33944
33952
33959
33967
33971
33976
33987
34005
34005
34012
34025
34046
34046
34051
34060
34104
34111
34115
34136
34137
34139
34162
34174
34180
34182
34213
34214
34227
34253
34273
34281
34293
34298
34313
34317
34322
34328
34337
34339
34340
34340
34342
34343
34344
34345
34345
34393
34415
34417
34424
34426
34433
34437
34438
34476
34480
34487
34496
34505
34511
34514
34515
34540
34541
34546
34546
34571
34587
34598
34624
34628
34656
34658
34658
34662
34667
34668
34689
34698
34716
34720
34722
34731
34739
34746
34748
34763
34763
34770
34770
34788
34793
34796
34807
34812
34840
34843
34857
34867
34870
34898
34904
34938
34952
34957
34972
34978
34985
34988
35008
35024
35033
35042
35049
35068
35071
35072
35085
35087
35097
35098
35124
35127
35129
35138
35150
35153
35156
35180
35186
35195
35202
35203
35208
35238
35243
35244
35246
35258
35263
35265
35283
35308
35312
35317
35327
35333
35344
35350
35359
35359
35362
35364
35386
35390
35416
35419
35422
35424
35435
35445
35473
35479
35482
35494
35554
35572
35575
35576
35603
35623
35631
35635
35635
35642
35643
35652
35658
35668
35672
35697
35715
35735
35740
35747
35754
35759
35810
35843
35845
35864
35874
35876
35901
35908
35915
35924
35967
35972
36001
36001
36004
36007
36012
36016
36021
36037
36039
36047
36055
36055
36059
36063
36064
36079
36143
36165
36167
36168
36186
36255
36260
36266
36282
36292
36295
36330
36339
36361
36391
36404
36409
36412
36419
36437
36458
36469
36475
36479
36480
36489
36502
36517
36524
36553
36567
36580
36581
36595
36602
36606
36617
36628
36639
36641
36657
36672
36675
36677
36678
36684
36690
36701
36703
36704
36705
36707
36707
36712
36718
36737
36745
36745
36765
36768
36787
36807
36809
36811
36812
36817
36825
36837
36842
36842
36846
36849
36865
36884
36940
36946
36968
36974
36992
36996
36998
37010
37038
37039
37045
37059
37063
37078
37085
37103
37108
37130
37135
37144
37145
37179
37187
37193
37195
37205
37221
37223
37231
37236
37237
37267
37273
37278
37283
37294
37294
37305
37311
37324
37362
37367
37374
37376
37379
37432
37454
37454
37465
37470
37491
37514
37522
37530
37535
37540
37551
37551
37569
37576
37596
37599
37599
37603
37613
37624
37628
37632
37638
37650
37654
37665
37684
37684
37685
37688
37693
37712
37719
37721
37737
37747
37761
37764
37769
37769
37773
37787
37802
37808
37819
37820
37823
37837
37856
37881
37899
37911
37922
37928
37934
37944
37949
37950
37962
37963
37971
37972
37986
37989
38014
38015
38049
38055
38067
38093
38094
38108
38121
38122
38128
38133
38138
38140
38152
38159
38184
38209
38231
38233
38251
38260
38301
38303
38305
38312
38332
38351
38385
38393
38414
38435
38457
38461
38474
38483
38495
38502
38510
38513
38519
38520
38525
38532
38545
38545
38552
38559
38575
38588
38589
38621
38675
38680
38689
38704
38709
38710
38719
38747
38760
38762
38764
38770
38777
38780
38792
38800
38801
38809
38810
38844
38857
38860
38860
38866
38866
38871
38885
38889
38909
38918
38918
38954
38954
38957
38977
38981
38983
38992
38994
38997
39005
39027
39037
39084
39084
39087
39088
39095
39105
39107
39108
39117
39166
39166
39176
39179
39182
39190
39191
39193
39196
39211
39211
39212
39221
39228
39234
39249
39257
39262
39265
39267
39277
39280
39288
39299
39307
39312
39313
39313
39314
39318
39330
39338
39341
39352
39367
39391
39417
39420
39438
39439
39440
39441
39448
39452
39453
39462
39466
39468
39484
39514
39516
39520
39525
39526
39530
39533
39537
39546
39552
39557
39561
39565
39566
39576
39589
39591
39602
39605
39615
39616
39620
39634
39636
39662
39670
39680
39681
39687
39693
39695
39703
39716
39717
39727
39740
39751
39765
39791
39816
39817
39837
39854
39856
39865
39880
39885
39888
39898
39909
39911
39929
39949
39955
39956
39969
39970
39976
39980
39983
39988
40010
40019
40027
40029
40032
40032
40038
40043
40046
40058
40060
40074
40085
40091
40094
40095
40103
40109
40122
40137
40137
40190
40190
40191
40196
40197
40202
40206
40211
40219
40219
40223
40233
40279
40291
40291
40292
40311
40337
40352
40370
40383
40388
40389
40389
40393
40395
40406
40407
40426
40443
40444
40453
40460
40468
40497
40503
40505
40521
40523
40535
40553
40560
40581
40607
40608
40626
40627
40628
40645
40707
40710
40716
40728
40735
40746
40750
40772
40783
40786
40788
40792
40806
40847
40854
40860
40866
40880
40893
40909
40913
40916
40928
40941
40957
40961
40964
40966
40975
40976
40983
40998
41018
41023
41036
41069
41071
41088
41090
41093
41110
41116
41119
41127
41134
41138
41151
41159
41181
41186
41211
41220
41225
41278
41280
41282
41284
41285
41285
41293
41309
41310
41316
41325
41334
41343
41351
41366
41372
41380
41389
41401
41403
41413
41417
41428
41429
41430
41432
41436
41448
41460
41460
41462
41465
41469
41476
41483
41490
41496
41502
41502
41518
41519
41535
41553
41555
41564
41564
41581
41582
41584
41588
41602
41676
41677
41688
41733
41734
41737
41738
41741
41747
41767
41790
41793
41824
41828
41830
41844
41849
41857
41859
41861
41869
41871
41872
41881
41882
41884
41893
41900
41913
41922
41929
41947
41959
41989
41996
42000
42007
42008
42019
42025
42025
42038
42041
42043
42067
42084
42088
42110
42115
42115
42121
42191
42195
42204
42204
42207
42233
42252
42256
42275
42277
42281
42282
42306
42309
42325
42345
42353
42364
42381
42386
42389
42395
42396
42397
42406
42419
42438
42446
42461
42466
42489
42492
42497
42513
42527
42545
42573
42605
42626
42632
42646
42655
42658
42685
42685
42715
42724
42736
42737
42751
42757
42758
42762
42763
42770
42772
42781
42824
42824
42837
42840
42859
42860
42878
42886
42895
42898
42914
42915
42919
42934
42941
42981
42985
42991
42991
43007
43011
43017
43028
43050
43063
43063
43064
43069
43069
43085
43123
43133
43144
43147
43148
43156
43158
43159
43170
43173
43178
43179
43207
43219
43231
43235
43245
43270
43300
43330
43340
43363
43374
43377
43378
43381
43403
43407
43416
43422
43444
43461
43480
43482
43482
43497
43525
43553
43562
43564
43577
43592
43593
43595
43596
43599
43618
43620
43622
43624
43628
43630
43634
43641
43652
43660
43661
43662
43678
43685
43699
43723
43724
43727
43739
43753
43762
43793
43798
43804
43810
43812
43823
43826
43835
43846
43862
43865
43867
43888
43895
43898
43906
43930
43936
43937
43970
43972
43998
44017
44031
44058
44062
44067
44084
44096
44101
44106
44132
44152
44156
44161
44169
44181
44198
44200
44208
44212
44214
44223
44226
44253
44253
44278
44298
44314
44343
44354
44371
44387
44387
44391
44403
44410
44422
44428
44428
44431
44436
44439
44443
44464
44468
44475
44484
44510
44515
44521
44522
44526
44527
44530
44536
44538
44546
44549
44552
44559
44560
44562
44567
44590
44610
44610
44617
44622
44623
44629
44630
44635
44640
44657
44683
44693
44721
44733
44750
44751
44763
44774
44781
44787
44806
44809
44824
44835
44835
44839
44843
44849
44859
44876
44880
44886
44890
44895
44912
44915
44918
44925
44943
44949
44990
44991
44995
45004
45027
45030
45035
45038
45052
45062
45067
45076
45080
45091
45096
45118
45119
45122
45144
45156
45158
45173
45196
45199
45214
45217
45217
45272
45281
45284
45290
45297
45317
45341
45341
45344
45349
45355
45365
45381
45382
45384
45389
45405
45409
45430
45438
45441
45454
45467
45487
45495
45502
45507
45507
45511
45525
45529
45530
45560
45568
45582
45582
45590
45592
45638
45648
45671
45675
45685
45692
45695
45714
45721
45733
45735
45748
45762
45779
45782
45785
45788
45802
45802
45820
45822
45831
45832
45832
45839
45840
45867
45879
45879
45886
45891
45906
45914
45922
45926
45934
45943
45945
45949
45951
45955
45974
45984
45991
45996
45999
46012
46017
46043
46049
46053
46054
46063
46090
46091
46101
46134
46143
46152
46194
46210
46212
46218
46224
46235
46250
46252
46257
46283
46284
46297
46301
46319
46331
46332
46353
46408
46426
46427
46437
46443
46445
46463
46484
46501
46502
46510
46555
46559
46560
46564
46589
46612
46616
46638
46639
46645
46648
46676
46702
46719
46755
46758
46770
46787
46813
46852
46855
46867
46883
46888
46895
46906
46908
46916
46932
46940
46956
46960
46970
47016
47022
47031
47044
47047
47049
47058
47064
47074
47074
47075
47090
47100
47108
47131
47136
47142
47142
47151
47164
47186
47196
47201
47203
47221
47237
47243
47251
47252
47263
47270
47276
47279
47289
47290
47293
47311
47317
47327
47328
47329
47342
47342
47354
47359
47361
47367
47370
47377
47380
47385
47393
47395
47403
47406
47451
47465
47478
47482
47483
47490
47499
47534
47537
47539
47546
47558
47564
47565
47575
47582
47583
47586
47610
47612
47624
47630
47642
47663
47667
47671
47674
47684
47696
47741
47752
47755
47762
47789
47792
47804
47861
47879
47883
47889
47908
47937
47939
47944
47983
48007
48008
48026
48038
48045
48076
48083
48085
48086
48110
48116
48119
48123
48128
48129
48135
48137
48146
48176
48180
48207
48211
48218
48226
48229
48250
48264
48265
48268
48278
48283
48286
48293
48308
48308
48318
48330
48351
48359
48361
48365
48396
48447
48452
48466
48468
48474
48484
48490
48491
48497
48514
48534
48550
48562
48565
48576
48580
48594
48595
48605
48619
48635
48638
48669
48670
48685
48689
48689
48694
48696
48706
48719
48729
48734
48742
48751
48759
48770
48800
48814
48818
48819
48823
48871
48911
48914
48919
48923
48950
48980
48983
49015
49024
49042
49052
49056
49085
49094
49101
49111
49115
49127
49149
49162
49164
49181
49192
49193
49201
49204
49205
49209
49242
49246
49269
49274
49292
49303
49306
49311
49311
49344
49355
49362
49366
49377
49395
49418
49424
49427
49436
49441
49450
49454
49456
49492
49497
49499
49528
49529
49535
49537
49537
49565
49570
49585
49590
49609
49613
49618
49627
49662
49663
49667
49681
49693
49706
49711
49715
49747
49755
49758
49767
49767
49778
49779
49797
49808
49814
49814
49817
49824
49832
49832
49870
49875
49878
49884
49896
49900
49900
49904
49907
49913
49917
49919
49929
49933
49933
49943
49967
49972
49982
49992
49997
50013
50017
50017
50028
50033
50040
50046
50053
50055
50061
50110
50119
50141
50144
50147
50154
50157
50167
50168
50170
50174
50177
50185
50190
50227
50234
50253
50256
50287
50289
50296
50326
50330
50345
50367
50367
50381
50398
50408
50408
50414
50430
50438
50439
50448
50448
50453
50453
50453
50454
50460
50468
50479
50484
50487
50488
50490
50490
50496
50508
50548
50583
50586
50615
50644
50654
50654
50657
50663
50666
50668
50723
50728
50753
50753
50761
50761
50762
50766
50792
50797
50818
50832
50850
50891
50916
50935
50941
50960
50967
50975
50986
50992
50996
51006
51017
51035
51046
51054
51066
51090
51096
51107
51136
51153
51154
51158
51158
51172
51189
51198
51211
51212
51216
51227
51253
51259
51264
51265
51273
51292
51299
51315
51315
51321
51324
51344
51356
51371
51374
51389
51400
51413
51421
51422
51425
51429
51432
51450
51450
51460
51460
51461
51471
51485
51492
51495
51531
51552
51573
51579
51583
51605
51610
51610
51632
51634
51644
51669
51673
51683
51691
51694
51696
51720
51758
51761
51768
51770
51771
51782
51797
51800
51838
51866
51878
51880
51902
51913
51922
51940
51951
51955
51965
51970
51972
51995
51997
52003
52007
52008
52008
52010
52011
52023
52031
52038
52040
52042
52042
52049
52051
52054
52057
52072
52084
52100
52115
52138
52143
52156
52157
52179
52184
52188
52203
52223
52235
52236
52255
52259
52273
52285
52298
52301
52316
52328
52333
52348
52350
52385
52387
52400
52401
52401
52412
52417
52422
52440
52446
52454
52463
52467
52478
52496
52497
52499
52499
52505
52505
52540
52555
52576
52578
52588
52597
52606
52634
52636
52659
52687
52688
52689
52695
52695
52704
52706
52719
52732
52743
52758
52764
52767
52775
52787
52787
52798
52811
52827
52831
52833
52835
52842
52863
52864
52873
52882
52888
52891
52902
52967
52968
53001
53004
53010
53022
53037
53049
53054
53054
53057
53059
53067
53073
53097
53104
53120
53123
53152
53160
53162
53166
53169
53173
53185
53188
53190
53192
53196
53236
53236
53238
53252
53267
53293
53296
53300
53304
53316
53325
53340
53342
53345
53349
53354
53362
53377
53378
53382
53413
53417
53431
53443
53445
53455
53456
53468
53471
53473
53484
53498
53499
53505
53547
53547
53551
53554
53565
53571
53581
53581
53582
53587
53608
53618
53622
53625
53636
53638
53641
53666
53669
53701
53703
53707
53721
53731
53731
53733
53737
53738
53760
53762
53806
53806
53823
53832
53860
53860
53866
53897
53898
53908
53917
53955
53956
53960
53970
53995
54000
54001
54014
54023
54023
54043
54055
54062
54101
54152
54171
54176
54177
54199
54203
54218
54235
54296
54303
54307
54342
54342
54344
54346
54351
54353
54421
54421
54429
54443
54458
54462
54466
54488
54488
54506
54506
54516
54534
54535
54540
54545
54557
54570
54601
54605
54621
54624
54635
54650
54651
54651
54669
54682
54697
54704
54722
54726
54731
54736
54741
54755
54764
54773
54781
54784
54785
54787
54807
54811
54812
54826
54828
54828
54828
54837
54841
54844
54850
54851
54854
54858
54870
54893
54898
54921
54929
54953
54970
54976
54978
54997
55001
55015
55059
55063
55077
55080
55081
55086
55088
55101
55120
55125
55130
55137
55146
55166
55176
55184
55196
55215
55225
55236
55237
55245
55281
55287
55291
55292
55301
55301
55301
55323
55341
55341
55354
55370
55375
55381
55409
55420
55421
55427
55432
55447
55448
55451
55479
55489
55542
55549
55567
55584
55598
55603
55608
55611
55614
55616
55627
55649
55649
55658
55663
55666
55686
55687
55694
55695
55704
55706
55720
55725
55732
55748
55748
55758
55758
55765
55777
55781
55791
55798
55809
55823
55851
55851
55856
55856
55895
55901
55913
55914
55914
55923
55952
55955
55967
55969
55991
55996
56029
56040
56047
56057
56066
56067
56072
56084
56093
56094
56095
56098
56102
56108
56115
56120
56145
56159
56180
56181
56189
56195
56209
56215
56216
56217
56221
56231
56262
56300
56336
56343
56346
56358
56374
56378
56379
56379
56384
56384
56396
56409
56416
56427
56434
56468
56478
56513
56519
56530
56531
56535
56542
56546
56562
56568
56577
56596
56601
56609
56611
56621
56631
56636
56638
56677
56678
56681
56683
56694
56695
56709
56719
56729
56740
56751
56763
56765
56787
56796
56804
56817
56819
56848
56854
56880
56891
56894
56908
56930
56944
56944
56959
56973
56976
56982
56991
57008
57019
57030
57043
57093
57098
57103
57105
57108
57110
57115
57128
57129
57140
57155
57155
57164
57185
57204
57208
57211
57214
57225
57227
57240
57244
57256
57261
57282
57298
57320
57335
57338
57341
57360
57368
57384
57396
57399
57402
57419
57422
57436
57439
57440
57441
57455
57462
57470
57511
57523
57533
57535
57544
57547
57571
57571
57608
57624
57625
57630
57637
57648
57661
57665
57690
57727
57730
57734
57738
57757
57769
57775
57796
57806
57816
57823
57826
57862
57883
57890
57901
57902
57941
57949
57957
57961
57968
57975
57977
57995
58001
58006
58026
58026
58042
58043
58053
58062
58079
58121
58130
58146
58149
58152
58169
58197
58197
58206
58210
58228
58228
58236
58249
58267
58272
58277
58295
58300
58336
58338
58341
58355
58361
58372
58400
58404
58409
58424
58440
58457
58457
58459
58473
58475
58479
58489
58489
58499
58500
58504
58507
58518
58525
58548
58550
58578
58598
58625
58629
58639
58641
58660
58661
58679
58679
58687
58687
58688
58692
58700
58721
58774
58789
58800
58801
58802
58847
58853
58877
58918
58919
58941
58951
58955
58964
58983
58991
59019
59021
59029
59030
59044
59046
59064
59088
59117
59120
59132
59146
59147
59148
59160
59183
59187
59188
59188
59211
59223
59227
59228
59236
59237
59239
59245
59254
59259
59262
59267
59267
59289
59307
59308
59314
59329
59347
59354
59358
59360
59371
59394
59403
59406
59417
59433
59433
59440
59441
59441
59443
59445
59454
59461
59468
59473
59489
59502
59509
59512
59513
59514
59549
59556
59560
59565
59574
59582
59587
59597
59608
59614
59631
59636
59648
59660
59663
59671
59682
59708
59712
59725
59746
59747
59752
59753
59779
59799
59801
59816
59838
59839
59842
59868
59886
59887
59920
59931
59941
59945
59955
59959
59959
59973
59975
59977
59982
59987
60022
60040
60043
60043
60062
60079
60081
60084
60091
60095
60110
60132
60140
60156
60161
60167
60178
60227
60228
60231
60237
60242
60286
60286
60296
60309
60321
60341
60343
60343
60363
60365
60374
60388
60391
60392
60396
60401
60430
60445
60446
60451
60489
60525
60526
60533
60534
60536
60552
60564
60586
60618
60627
60631
60641
60653
60691
60709
60714
60722
60722
60730
60767
60769
60770
60800
60803
60812
60820
60827
60831
60845
60868
60896
60899
60914
60914
60914
60943
60946
60949
60963
60987
61028
61049
61061
61062
61080
61104
61113
61114
61114
61123
61123
61129
61129
61138
61164
61168
61168
61172
61182
61187
61188
61197
61208
61213
61215
61222
61222
61244
61272
61294
61301
61307
61311
61325
61344
61357
61364
61371
61374
61375
61381
61389
61409
61411
61417
61442
61445
61468
61478
61495
61500
61505
61507
61510
61512
61532
61537
61549
61553
61587
61616
61616
61620
61639
61648
61664
61666
61682
61686
61688
61701
61706
61720
61727
61737
61744
61763
61768
61774
61793
61800
61810
61812
61822
61835
61835
61851
61852
61872
61874
61885
61892
61901
61901
61908
61909
61911
61926
61937
61945
61957
61970
61972
61980
61986
61987
61993
61994
62011
62019
62023
62035
62068
62070
62070
62073
62074
62086
62093
62098
62116
62119
62123
62146
62155
62165
62182
62183
62185
62188
62192
62195
62196
62207
62232
62235
62237
62252
62260
62275
62279
62279
62282
62282
62289
62319
62329
62344
62369
62382
62428
62430
62432
62433
62445
62455
62455
62459
62472
62491
62493
62508
62519
62560
62561
62561
62563
62571
62572
62577
62598
62622
62671
62673
62707
62734
62740
62747
62752
62758
62758
62789
62800
62808
62811
62813
62825
62828
62853
62865
62866
62878
62886
62888
62902
62904
62920
62951
62971
62973
62978
62985
62993
62998
62999
63007
63016
63022
63024
63033
63067
63072
63084
63084
63102
63105
63105
63134
63139
63145
63177
63216
63220
63225
63232
63235
63237
63246
63255
63257
63275
63278
63303
63324
63330
63353
63368
63368
63395
63395
63408
63412
63416
63422
63423
63427
63449
63450
63458
63461
63466
63471
63475
63496
63515
63520
63544
63557
63561
63580
63585
63591
63591
63599
63606
63617
63627
63633
63636
63647
63659
63659
63659
63663
63667
63668
63684
63700
63725
63742
63752
63758
63765
63811
63834
63846
63850
63852
63860
63909
63926
63955
63959
63960
63974
63999
64011
64014
64019
64038
64047
64062
64068
64072
64083
64083
64095
64095
64117
64123
64133
64135
64142
64149
64150
64163
64174
64187
64198
64198
64204
64223
64227
64236
64238
64266
64268
64295
64301
64302
64312
64316
64321
64328
64332
64367
64368
64388
64398
64399
64405
64410
64416
64417
64419
64427
64430
64437
64460
64471
64485
64493
64498
64505
64509
64510
64512
64514
64540
64542
64545
64582
64592
64596
64609
64621
64640
64643
64646
64647
64662
64663
64664
64678
64691
64693
64693
64701
64704
64704
64710
64723
64750
64750
64755
64764
64767
64770
64777
64783
64791
64797
64812
64813
64814
64830
64843
64857
64864
64869
64891
64905
64931
64934
64963
64966
64984
64985
64986
64993
64998
65003
65006
65009
65025
65027
65061
65072
65075
65085
65113
65120
65121
65153
65155
65168
65175
65177
65183
65187
65190
65207
65222
65226
65233
65234
65242
65243
65257
65263
65284
65289
65302
65314
65323
65329
65329
65341
65348
65351
65353
65354
65356
65369
65379
65381
65382
65383
65386
65455
65459
65478
65493
65497
65513
65515
65529
65531
65537
65546
65549
65564
65571
65573
65599
65612
65630
65635
65643
65661
65666
65668
65670
65673
65691
65704
65710
65716
65717
65717
65733
65739
65746
65759
65771
65780
65785
65792
65795
65807
65840
65846
65860
65866
65871
65893
65899
65906
65915
65917
65918
65929
65954
65956
65966
66004
66013
66021
66029
66037
66060
66075
66087
66098
66111
66121
66121
66136
66142
66149
66158
66162
66166
66166
66169
66171
66175
66185
66209
66210
66248
66256
66260
66265
66273
66278
66298
66347
66357
66361
66363
66371
66383
66390
66394
66396
66397
66398
66402
66408
66414
66425
66433
66435
66449
66466
66481
66481
66482
66489
66490
66499
66500
66505
66514
66516
66524
66528
66532
66539
66544
66558
66558
66561
66612
66613
66614
66617
66628
66650
66679
66682
66685
66705
66705
66712
66734
66770
66774
66775
66815
66815
66817
66819
66819
66820
66830
66836
66853
66856
66863
66871
66874
66882
66889
66922
66924
66927
66927
66944
66959
66978
66988
66993
67004
67021
67038
67041
67047
67049
67057
67061
67067
67084
67085
67107
67116
67121
67127
67143
67152
67157
67167
67169
67181
67190
67193
67206
67223
67234
67258
67276
67324
67326
67332
67336
67362
67366
67384
67407
67413
67437
67437
67442
67455
67460
67481
67482
67490
67494
67500
67508
67516
67517
67536
67536
67549
67552
67553
67556
67584
67585
67605
67606
67606
67615
67618
67626
67630
67642
67651
67654
67655
67676
67705
67706
67757
67761
67771
67785
67800
67824
67831
67838
67843
67860
67887
67889
67927
67931
67936
67941
67949
67980
67995
67997
68003
68027
68031
68035
68036
68069
68070
68091
68101
68110
68118
68128
68137
68161
68184
68191
68211
68214
68215
68218
68228
68242
68256
68284
68287
68301
68321
68322
68336
68340
68344
68345
68360
68386
68390
68391
68396
68397
68398
68401
68443
68446
68453
68459
68459
68461
68469
68478
68479
68487
68488
68489
68499
68500
68512
68512
68518
68532
68536
68539
68588
68596
68602
68605
68610
68612
68626
68628
68650
68656
68660
68671
68672
68681
68686
68698
68709
68724
68728
68735
68745
68751
68765
68780
68787
68792
68793
68812
68827
68869
68880
68892
68894
68903
68923
68946
68967
68969
68977
68986
68987
68988
68992
68998
69008
69017
69022
69045
69067
69067
69093
69112
69117
69123
69132
69135
69141
69143
69149
69162
69174
69218
69235
69237
69241
69243
69255
69259
69265
69272
69276
69284
69288
69316
69333
69352
69361
69385
69387
69399
69399
69404
69418
69423
69426
69431
69448
69461
69474
69489
69494
69505
69508
69518
69527
69531
69535
69551
69552
69557
69559
69567
69579
69589
69600
69621
69624
69650
69684
69686
69687
69688
69692
69693
69703
69712
69720
69742
69769
69774
69779
69783
69808
69836
69851
69856
69883
69893
69908
69911
69920
69924
69935
69949
69949
69955
69978
69991
69995
70021
70062
70075
70079
70099
70114
70114
70127
70142
70148
70150
70172
70175
70181
70184
70187
70191
70193
70207
70246
70257
70260
70263
70269
70275
70294
70310
70325
70371
70380
70388
70423
70426
70427
70430
70443
70460
70489
70494
70495
70511
70513
70519
70524
70525
70526
70532
70537
70537
70545
70572
70578
70587
70597
70599
70621
70628
70629
70642
70642
70655
70657
70657
70660
70666
70674
70695
70704
70709
70710
70718
70748
70752
70762
70775
70778
70795
70817
70817
70829
70834
70851
70858
70893
70907
70925
70946
70948
70963
71019
71025
71026
71030
71031
71040
71057
71063
71073
71084
71101
71107
71116
71127
71130
71137
71154
71155
71159
71164
71164
71177
71182
71192
71192
71198
71204
71212
71228
71229
71234
71237
71238
71279
71280
71290
71302
71310
71311
71315
71333
71355
71383
71409
71411
71420
71438
71498
71499
71541
71554
71561
71588
71591
71601
71601
71611
71645
71650
71683
71690
71702
71717
71727
71727
71730
71746
71761
71766
71781
71790
71793
71801
71806
71809
71815
71820
71836
71847
71862
71868
71875
71884
71888
71890
71903
71907
71908
71910
71912
71916
71924
71942
71988
72000
72017
72027
72029
72037
72041
72063
72080
72084
72086
72092
72105
72118
72119
72125
72127
72142
72156
72157
72162
72177
72178
72185
72195
72200
72222
72223
72245
72255
72258
72263
72289
72296
72314
72317
72324
72336
72337
72343
72345
72347
72366
72382
72385
72385
72392
72425
72433
72437
72438
72440
72448
72462
72468
72485
72498
72511
72522
72543
72550
72602
72607
72620
72622
72623
72629
72636
72641
72648
72651
72658
72662
72664
72666
72668
72671
72676
72677
72679
72708
72710
72722
72738
72749
72767
72769
72769
72775
72776
72810
72824
72827
72843
72882
72885
72887
72891
72893
72914
72922
72925
72949
72953
72956
72960
72984
73005
73037
73039
73051
73053
73068
73077
73089
73093
73104
73110
73111
73120
73127
73130
73136
73139
73148
73149
73152
73167
73170
73177
73196
73201
73202
73211
73219
73223
73226
73226
73248
73253
73274
73278
73280
73307
73318
73338
73352
73355
73357
73371
73375
73390
73395
73402
73407
73441
73444
73444
73445
73450
73462
73473
73510
73552
73567
73572
73578
73582
73584
73585
73587
73594
73607
73617
73637
73652
73669
73671
73679
73710
73711
73716
73728
73733
73754
73764
73767
73772
73781
73793
73800
73828
73841
73858
73881
73889
73890
73901
73911
73912
73916
73930
73933
73950
73963
73983
73985
73993
73998
74015
74015
74039
74042
74069
74075
74079
74080
74088
74104
74130
74131
74138
74144
74153
74155
74166
74193
74203
74219
74225
74257
74294
74299
74300
74305
74332
74340
74344
74376
74386
74419
74443
74455
74458
74461
74462
74476
74483
74501
74510
74512
74529
74541
74542
74577
74598
74624
74624
74642
74651
74656
74664
74676
74678
74692
74695
74696
74701
74705
74750
74750
74759
74781
74782
74793
74801
74810
74812
74840
74845
74849
74851
74865
74884
74890
74895
74895
74899
74899
74901
74909
74911
74912
74912
74916
74923
74930
74948
74958
74961
74988
74989
74998
75018
75023
75033
75059
75063
75077
75089
75099
75106
75137
75147
75153
75169
75194
75213
75220
75223
75223
75240
75248
75250
75257
75263
75282
75290
75292
75321
75329
75330
75341
75369
75387
75395
75397
75403
75407
75417
75429
75435
75436
75440
75453
75464
75466
75470
75474
75480
75480
75495
75499
75517
75522
75524
75529
75534
75539
75595
75627
75627
75687
75700
75715
75753
75756
75780
75781
75790
75802
75809
75810
75823
75827
75833
75848
75879
75885
75902
75906
75914
75921
75938
75957
75986
75989
76025
76050
76062
76065
76096
76098
76115
76125
76140
76143
76144
76151
76153
76164
76173
76180
76206
76208
76217
76221
76243
76255
76255
76256
76257
76264
76265
76265
76265
76267
76286
76290
76294
76316
76318
76322
76323
76334
76336
76341
76363
76365
76385
76386
76404
76414
76414
76443
76456
76462
76466
76471
76476
76500
76501
76509
76548
76549
76566
76580
76585
76594
76600
76612
76634
76656
76658
76661
76677
76678
76700
76701
76722
76732
76733
76748
76763
76768
76776
76778
76779
76788
76788
76789
76794
76820
76832
76850
76869
76872
76872
76876
76880
76880
76897
76914
76925
76926
76927
76944
76964
76968
76975
76980
76984
76984
77015
77020
77020
77048
77064
77069
77090
77093
77104
77107
77122
77132
77158
77178
77181
77187
77195
77201
77202
77212
77225
77229
77246
77257
77267
77276
77284
77285
77293
77304
77314
77320
77321
77328
77329
77365
77377
77379
77384
77384
77387
77407
77417
77424
77425
77463
77472
77497
77502
77506
77535
77537
77563
77581
77615
77629
77630
77633
77662
77675
77688
77697
77701
77704
77709
77711
77713
77720
77731
77731
77739
77745
77757
77779
77780
77784
77812
77818
77819
77819
77820
77821
77834
77857
77864
77870
77872
77873
77876
77883
77916
77918
77928
77957
77962
77967
77988
78018
78023
78047
78047
78052
78075
78086
78107
78124
78141
78157
78161
78162
78174
78186
78201
78206
78212
78213
78216
78225
78251
78255
78316
78325
78333
78355
78358
78363
78371
78393
78422
78426
78432
78434
78437
78444
78467
78478
78511
78526
78531
78532
78532
78538
78576
78578
78599
78633
78642
78643
78648
78651
78652
78666
78667
78670
78678
78679
78688
78698
78701
78706
78717
78725
78726
78735
78747
78749
78759
78763
78783
78791
78793
78799
78806
78814
78818
78818
78821
78834
78845
78846
78847
78874
78888
78896
78899
78904
78941
78944
78946
78950
78956
78960
78966
78973
78976
78984
78986
78988
78990
78993
79000
79005
79008
79014
79027
79031
79032
79034
79034
79034
79036
79038
79049
79050
79079
79086
79088
79095
79115
79133
79158
79169
79183
79197
79206
79265
79273
79280
79303
79342
79348
79362
79365
79388
79393
79415
79443
79460
79473
79475
79476
79486
79498
79508
79540
79550
79564
79581
79587
79596
79597
79603
79638
79642
79646
79648
79655
79658
79660
79676
79698
79713
79725
79730
79737
79759
79763
79767
79782
79792
79795
79797
79807
79811
79813
79814
79843
79845
79862
79909
79923
79925
79930
79932
79938
79939
79939
79945
79945
79950
79957
79960
79972
79980
79991
80006
80009
80015
80023
80024
80045
80051
80058
80059
80068
80071
80079
80088
80114
80119
80126
80143
80151
80162
80178
80195
80200
80202
80229
80233
80252
80261
80296
80303
80312
80313
80314
80386
80388
80415
80430
80439
80455
80474
80475
80484
80487
80508
80522
80535
80535
80539
80540
80550
80564
80582
80590
80629
80656
80674
80698
80712
80715
80721
80728
80745
80753
80776
80787
80790
80794
80821
80821
80838
80840
80847
80855
80860
80896
80907
80948
80961
80967
80968
80974
80995
80998
80999
80999
81017
81018
81039
81042
81053
81056
81069
81073
81080
81085
81089
81091
81126
81139
81155
81156
81176
81179
81195
81197
81225
81246
81249
81264
81265
81273
81275
81277
81288
81294
81297
81302
81305
81308
81310
81334
81353
81354
81354
81378
81383
81385
81385
81395
81399
81401
81404
81407
81419
81435
81441
81456
81466
81474
81480
81484
81527
81530
81556
81568
81570
81598
81602
81611
81622
81625
81627
81635
81655
81661
81667
81673
81678
81688
81706
81708
81714
81717
81719
81719
81740
81753
81756
81775
81780
81794
81798
81807
81809
81814
81837
81842
81855
81860
81867
81873
81879
81880
81891
81904
81933
81945
81951
81954
81958
81967
81972
81973
81973
81991
81992
82002
82009
82010
82013
82017
82030
82033
82037
82068
82109
82110
82116
82116
82119
82120
82121
82139
82140
82142
82146
82155
82169
82172
82174
82182
82248
82257
82279
82279
82306
82308
82312
82316
82329
82347
82359
82379
82384
82392
82392
82399
82400
82414
82419
82444
82468
82504
82507
82511
82525
82559
82621
82627
82639
82640
82652
82652
82658
82670
82700
82703
82722
82736
82740
82776
82801
82804
82822
82835
82841
82844
82866
82868
82872
82873
82882
82886
82890
82939
82966
82979
82986
82992
82996
83000
83014
83018
83023
83027
83030
83034
83038
83042
83044
83052
83054
83055
83064
83085
83094
83097
83098
83101
83105
83125
83130
83150
83151
83154
83157
83163
83180
83185
83218
83240
83273
83282
83283
83288
83291
83293
83298
83301
83302
83303
83307
83316
83320
83326
83334
83336
83368
83382
83394
83395
83417
83425
83433
83440
83468
83472
83499
83525
83531
83557
83561
83564
83566
83580
83596
83604
83629
83637
83639
83656
83661
83662
83671
83675
83676
83679
83683
83683
83704
83704
83706
83707
83733
83744
83756
83765
83778
83789
83809
83824
83831
83832
83835
83837
83859
83862
83882
83898
83899
83899
83901
83912
83935
83938
83952
83959
83965
83965
83978
83979
83996
84003
84006
84029
84045
84057
84082
84084
84095
84097
84098
84104
84113
84116
84121
84130
84140
84143
84151
84156
84173
84173
84176
84178
84178
84182
84185
84197
84198
84199
84200
84222
84230
84254
84275
84277
84282
84284
84288
84303
84303
84317
84326
84331
84335
84336
84339
84341
84345
84389
84395
84416
84421
84430
84438
84446
84450
84478
84489
84495
84500
84512
84521
84529
84538
84541
84546
84557
84558
84558
84570
84575
84575
84576
84577
84590
84593
84594
84609
84626
84628
84631
84632
84633
84642
84650
84663
84667
84673
84676
84684
84711
84715
84718
84722
84737
84762
84810
84824
84833
84836
84859
84859
84861
84875
84876
84882
84882
84894
84900
84919
84925
84934
84938
84953
84963
84967
84973
84982
84982
84999
85007
85020
85021
85026
85029
85038
85056
85059
85072
85080
85129
85145
85174
85205
85230
85268
85268
85273
85274
85275
85286
85295
85297
85321
85347
85360
85374
85375
85392
85397
85407
85412
85424
85432
85443
85454
85461
85462
85464
85486
85487
85492
85501
85509
85523
85524
85535
85542
85550
85551
85554
85566
85568
85574
85582
85584
85589
85590
85595
85636
85650
85660
85666
85685
85688
85700
85701
85706
85712
85727
85728
85732
85743
85746
85765
85767
85795
85799
85803
85808
85815
85837
85837
85841
85845
85857
85863
85888
85893
85898
85900
85906
85923
85923
85952
86006
86027
86028
86042
86047
86049
86059
86086
86091
86106
86119
86135
86139
86142
86172
86199
86202
86202
86203
86209
86222
86237
86302
86311
86315
86323
86336
86338
86349
86357
86357
86361
86381
86396
86404
86406
86412
86415
86428
86446
86453
86456
86458
86474
86502
86521
86539
86543
86552
86555
86556
86560
86596
86600
86606
86612
86614
86617
86619
86634
86642
86667
86671
86682
86697
86699
86700
86710
86712
86736
86744
86752
86756
86759
86780
86782
86785
86794
86795
86799
86808
86815
86861
86869
86896
86901
86913
86913
86922
86933
86935
86936
86947
86950
86957
86962
86966
86967
86969
86975
86999
87004
87010
87011
87020
87026
87030
87030
87032
87046
87053
87054
87061
87069
87096
87105
87122
87125
87134
87135
87137
87168
87171
87174
87190
87193
87208
87209
87222
87226
87236
87240
87250
87252
87252
87254
87256
87258
87269
87272
87287
87290
87292
87299
87308
87309
87318
87324
87329
87331
87335
87335
87341
87343
87352
87363
87382
87388
87422
87432
87434
87444
87455
87459
87462
87470
87473
87488
87491
87508
87510
87511
87516
87517
87540
87550
87550
87556
87572
87578
87606
87607
87652
87662
87664
87712
87723
87723
87788
87791
87796
87811
87823
87825
87828
87839
87847
87860
87865
87870
87875
87915
87926
87931
87932
87939
87942
87955
87964
87969
87975
87988
88001
88003
88006
88012
88020
88023
88026
88042
88043
88060
88065
88081
88083
88092
88095
88113
88126
88130
88138
88152
88154
88181
88183
88185
88189
88193
88203
88206
88207
88208
88254
88255
88258
88287
88301
88307
88311
88312
88340
88342
88345
88347
88348
88357
88375
88377
88403
88428
88434
88439
88443
88461
88502
88525
88529
88538
88553
88559
88564
88565
88570
88574
88583
88589
88589
88594
88619
88630
88644
88647
88664
88684
88686
88725
88726
88733
88734
88745
88748
88752
88761
88762
88777
88777
88778
88778
88788
88792
88795
88797
88805
88819
88824
88833
88842
88847
88855
88864
88864
88882
88899
88909
88918
88937
88938
88940
88944
88969
88976
88979
88986
88992
88993
88995
88996
89039
89046
89049
89057
89065
89074
89082
89089
89094
89107
89117
89137
89164
89167
89238
89241
89241
89254
89264
89267
89268
89269
89270
89274
89277
89279
89291
89308
89326
89346
89358
89369
89373
89397
89412
89414
89416
89436
89446
89448
89461
89505
89506
89512
89516
89517
89523
89526
89526
89527
89539
89558
89561
89584
89591
89591
89605
89605
89657
89663
89683
89687
89704
89713
89714
89720
89725
89740
89740
89743
89747
89748
89755
89764
89778
89779
89796
89797
89803
89804
89817
89838
89866
89878
89880
89914
89915
89924
89932
89960
89964
89969
89992
89999
90018
90018
90037
90045
90050
90055
90086
90104
90111
90124
90150
90169
90180
90191
90248
90268
90284
90296
90299
90318
90347
90355
90359
90364
90366
90370
90376
90376
90389
90400
90402
90402
90412
90412
90414
90420
90439
90460
90461
90468
90470
90494
90525
90552
90568
90587
90607
90609
90616
90622
90623
90649
90652
90656
90665
90670
90670
90682
90695
90708
90710
90722
90730
90749
90769
90789
90791
90791
90796
90811
90818
90836
90846
90877
90887
90895
90914
90923
90935
90947
90961
90989
91022
91048
91059
91063
91072
91078
91087
91087
91089
91093
91098
91101
91104
91108
91123
91125
91133
91138
91145
91147
91154
91162
91173
91177
91182
91210
91224
91233
91254
91269
91272
91278
91283
91317
91319
91323
91327
91328
91328
91343
91358
91363
91367
91369
91379
91380
91413
91425
91443
91445
91458
91463
91470
91472
91473
91482
91486
91487
91489
91496
91515
91518
91523
91531
91542
91553
91562
91583
91618
91625
91632
91648
91650
91651
91652
91656
91658
91664
91666
91676
91684
91689
91714
91724
91724
91725
91740
91752
91754
91779
91784
91789
91833
91834
91869
91873
91905
91920
91950
91958
91978
91980
91991
92001
92016
92039
92044
92048
92063
92068
92073
92079
92079
92081
92083
92092
92108
92113
92141
92159
92166
92176
92186
92202
92214
92223
92230
92244
92269
92275
92275
92285
92291
92294
92304
92305
92305
92306
92317
92333
92333
92357
92363
92377
92414
92424
92459
92470
92485
92487
92489
92500
92504
92504
92508
92509
92519
92530
92531
92538
92547
92595
92609
92611
92621
92622
92636
92650
92666
92669
92672
92677
92677
92681
92702
92707
92720
92729
92730
92735
92738
92738
92758
92758
92762
92775
92775
92782
92783
92787
92790
92834
92846
92861
92908
92917
92926
92930
92931
92949
92953
92956
92963
92970
92995
92998
93001
93006
93006
93010
93011
93013
93014
93018
93022
93054
93058
93060
93062
93063
93097
93122
93134
93134
93149
93162
93175
93182
93195
93201
93201
93208
93215
93227
93255
93274
93279
93288
93299
93307
93310
93310
93323
93341
93352
93355
93356
93407
93409
93428
93429
93429
93456
93460
93476
93476
93486
93488
93526
93532
93560
93577
93593
93603
93610
93626
93630
93669
93675
93680
93682
93691
93707
93716
93719
93725
93762
93766
93766
93769
93770
93786
93794
93825
93828
93842
93849
93858
93859
93864
93865
93866
93874
93880
93882
93883
93883
93922
93945
93954
93958
93961
93963
93976
93979
93986
93990
93991
94000
94017
94019
94023
94026
94033
94039
94067
94067
94077
94082
94109
94114
94123
94138
94143
94149
94158
94162
94187
94200
94216
94218
94236
94237
94243
94245
94251
94263
94271
94289
94309
94312
94318
94318
94323
94332
94334
94340
94369
94412
94412
94420
94422
94432
94444
94458
94475
94482
94486
94502
94527
94536
94536
94541
94573
94579
94600
94605
94641
94656
94675
94677
94684
94692
94706
94719
94719
94722
94742
94750
94754
94763
94778
94783
94784
94791
94796
94802
94806
94807
94836
94844
94853
94872
94878
94896
94902
94902
94903
94942
94948
94955
94964
94964
94983
94995
95015
95019
95023
95029
95033
95034
95037
95041
95048
95052
95063
95070
95077
95090
95099
95105
95109
95120
95127
95129
95130
95131
95145
95148
95159
95167
95167
95171
95190
95195
95203
95204
95206
95206
95209
95224
95231
95266
95271
95279
95283
95289
95301
95305
95318
95327
95330
95338
95352
95368
95384
95387
95404
95444
95446
95446
95446
95451
95461
95462
95466
95494
95494
95511
95511
95522
95523
95526
95533
95539
95549
95561
95572
95607
95611
95667
95677
95704
95708
95711
95743
95760
95775
95789
95804
95827
95827
95835
95837
95837
95840
95846
95860
95872
95877
95884
95905
95912
95927
95935
95950
95964
95964
95971
96011
96017
96037
96038
96039
96059
96062
96067
96070
96078
96081
96086
96096
96100
96104
96126
96128
96135
96146
96148
96165
96166
96166
96197
96198
96204
96206
96208
96225
96231
96234
96244
96255
96287
96309
96317
96318
96334
96342
96348
96370
96381
96411
96416
96419
96419
96424
96428
96433
96448
96459
96467
96471
96488
96499
96526
96546
96552
96571
96576
96579
96587
96591
96600
96603
96605
96632
96637
96646
96652
96680
96694
96709
96715
96722
96734
96748
96756
96769
96784
96820
96833
96835
96842
96856
96860
96863
96882
96893
96899
96902
96904
96917
96929
96940
96945
96945
97005
97010
97016
97017
97033
97039
97041
97041
97048
97049
97066
97066
97098
97121
97137
97141
97254
97255
97273
97273
97278
97280
97282
97310
97335
97341
97347
97354
97359
97365
97367
97370
97395
97397
97398
97400
97456
97459
97465
97477
97492
97505
97512
97515
97523
97526
97528
97537
97537
97539
97539
97556
97566
97567
97599
97612
97620
97630
97671
97687
97691
97700
97723
97723
97748
97753
97754
97761
97762
97773
97781
97787
97794
97802
97807
97811
97819
97828
97840
97847
97874
97890
97905
97907
97913
97920
97924
97929
97931
97933
97948
97957
97967
97980
97983
97992
97994
98003
98040
98061
98069
98131
98154
98167
98171
98199
98203
98216
98225
98228
98254
98271
98296
98300
98316
98319
98338
98342
98350
98365
98383
98388
98422
98424
98426
98428
98431
98432
98447
98458
98481
98501
98505
98511
98531
98570
98576
98585
98594
98602
98604
98607
98645
98653
98665
98686
98690
98697
98719
98765
98793
98801
98832
98842
98887
98894
98921
98935
98943
98956
98961
98981
98982
98983
98989
99001
99007
99019
99020
99027
99028
99034
99035
99070
99083
99088
99095
99100
99102
99132
99158
99170
99176
99177
99181
99183
99203
99227
99246
99270
99273
99276
99286
99288
99304
99306
99306
99317
99318
99338
99341
99362
99372
99376
99377
99401
99410
99413
99425
99447
99461
99483
99499
99523
99530
99530
99551
99573
99586
99586
99590
99600
99607
99610
99614
99615
99617
99618
99628
99641
99646
99648
99650
99655
99685
99690
99706
99709
99714
99716
99723
99723
99730
99739
99753
99757
99763
99767
99795
99846
99860
99867
99871
99876
99890
99896
99896
99900
99918
99943
99965