8
10
16
19
20
33
35
44
54
60
66
80
100
107
122
130
155
171
192
199
200
211
214
223
246
255
264
287
288
296
305
324
339
357
365
367
375
376
405
411
424
433
442
444
454
466
473
479
496
500
505
513
528
536
544
553
563
565
569
578
580
594
595
610
632
655
666
678
682
689
696
699
700
715
722
722
722
751
763
774
782
788
789
805
828
831
854
857
868
871
876
876
880
909
911
913
924
924
929
930
938
972
975
979
1007
1028
1030
1030
1031
1058
1058
1060
1061
1062
1100
1101
1103
1109
1116
1134
1135
1135
1137
1153
1157
1165
1170
1175
1175
1184
1189
1194
1214
1226
1235
1236
1243
1253
1258
1262
1278
1283
1289
1296
1296
1300
1301
1305
1307
1313
1320
1321
1322
1332
1344
1348
1352
1368
1368
1382
1403
1413
1419
1423
1429
1430
1431
1433
1439
1443
1448
1469
1476
1487
1491
1495
1505
1512
1523
1541
1556
1570
1572
1577
1591
1604
1605
1605
1612
1621
1651
1653
1663
1663
1670
1691
1697
1707
1717
1721
1721
1727
1735
1749
1753
1756
1770
1788
1814
1831
1833
1846
1848
1864
1869
1883
1893
1906
1908
1959
1969
1989
1996
2014
2029
2056
2061
2063
2069
2070
2071
2083
2087
2091
2092
2110
2119
2122
2157
2180
2205
2220
2228
2229
2250
2258
2300
2304
2328
2344
2347
2351
2357
2361
2369
2380
2388
2405
2412
2423
2426
2469
2491
2495
2502
2509
2541
2570
2593
2608
2618
2622
2632
2643
2644
2650
2652
2652
2654
2657
2658
2661
2665
2666
2673
2685
2706
2711
2716
2717
2718
2773
2785
2793
2801
2816
2839
2855
2860
2861
2862
2863
2867
2870
2880
2900
2904
2906
2906
2907
2907
2908
2921
2941
2954
2962
2986
2987
2988
2989
2989
2994
3003
3004
3012
3017
3035
3060
3070
3092
3115
3121
3134
3143
3154
3158
3165
3182
3182
3201
3207
3212
3256
3278
3279
3280
3294
3294
3306
3337
3359
3360
3363
3365
3368
3372
3385
3387
3402
3411
3428
3432
3435
3436
3443
3449
3455
3469
3483
3504
3504
3516
3519
3521
3532
3541
3544
3546
3589
3591
3597
3619
3633
3634
3640
3641
3646
3662
3705
3717
3722
3730
3752
3753
3754
3755
3757
3766
3768
3776
3779
3785
3785
3802
3803
3816
3817
3838
3847
3867
3890
3892
3902
3912
3913
3935
3936
3941
3954
3967
3972
3976
3976
3981
3985
3989
4004
4024
4074
4078
4084
4138
4140
4142
4164
4164
4175
4189
4229
4236
4240
4264
4270
4284
4317
4328
4360
4374
4396
4401
4414
4418
4422
4429
4434
4435
4443
4457
4477
4483
4506
4519
4522
4539
4554
4557
4562
4562
4563
4566
4586
4589
4598
4601
4639
4651
4651
4671
4705
4711
4712
4715
4721
4727
4735
4737
4748
4756
4794
4794
4803
4816
4817
4840
4847
4850
4853
4855
4856
4868
4870
4886
4896
4903
4911
4931
4949
4950
4989
4996
4997
5007
5013
5021
5076
5078
5079
5086
5090
5109
5147
5160
5163
5167
5197
5213
5219
5222
5226
5245
5246
5252
5261
5286
5288
5306
5322
5368
5375
5401
5404
5424
5431
5434
5447
5451
5468
5474
5484
5504
5507
5516
5554
5561
5562
5572
5591
5605
5617
5628
5634
5661
5661
5662
5671
5674
5679
5695
5712
5722
5734
5736
5743
5749
5750
5757
5764
5778
5783
5830
5831
5851
5862
5874
5875
5882
5894
5903
5904
5907
5910
5921
5922
5927
5929
5929
5950
5995
5999
6025
6051
6065
6073
6083
6102
6105
6106
6113
6116
6121
6122
6134
6138
6138
6159
6162
6172
6176
6197
6222
6247
6274
6280
6294
6301
6308
6310
6317
6327
6339
6356
6360
6363
6403
6434
6439
6453
6460
6469
6500
6526
6529
6538
6559
6580
6581
6581
6591
6593
6602
6602
6614
6614
6616
6619
6619
6632
6634
6660
6669
6676
6679
6685
6691
6692
6725
6731
6744
6755
6763
6770
6774
6778
6792
6793
6796
6805
6814
6818
6823
6825
6830
6842
6850
6853
6854
6864
6895
6931
6931
6939
6945
6964
6974
6978
6980
6990
6992
6999
7008
7023
7029
7035
7052
7057
7061
7069
7091
7106
7119
7123
7126
7137
7140
7144
7152
7164
7166
7172
7174
7174
7176
7190
7196
7208
7217
7225
7239
7248
7257
7284
7292
7304
7323
7340
7358
7374
7378
7383
7409
7411
7429
7469
7471
7490
7499
7501
7510
7511
7522
7528
7547
7552
7557
7583
7583
7586
7589
7598
7601
7603
7605
7613
7616
7621
7626
7645
7648
7652
7659
7663
7664
7676
7677
7684
7684
7740
7743
7753
7761
7767
7770
7810
7818
7822
7873
7907
7913
7931
7936
7939
7956
7961
7964
7969
7987
7989
7990
8000
8002
8002
8024
8026
8031
8035
8044
8050
8052
8053
8056
8056
8059
8068
8096
8098
8109
8115
8155
8168
8169
8177
8183
8198
8212
8225
8229
8239
8247
8277
8278
8281
8288
8306
8312
8315
8340
8353
8354
8354
8356
8378
8389
8401
8410
8422
8422
8426
8441
8442
8455
8463
8474
8480
8487
8513
8524
8532
8540
8548
8550
8553
8569
8579
8579
8586
8620
8664
8666
8668
8676
8699
8701
8705
8713
8714
8728
8736
8752
8755
8767
8774
8788
8806
8807
8816
8841
8844
8850
8857
8862
8864
8868
8871
8894
8895
8905
8910
8936
8953
8967
8973
8984
8987
9000
9024
9028
9042
9044
9048
9055
9072
9078
9084
9090
9107
9113
9152
9153
9154
9154
9160
9187
9190
9193
9195
9198
9207
9210
9215
9218
9231
9232
9248
9258
9268
9268
9270
9271
9322
9330
9347
9366
9374
9387
9393
9401
9426
9438
9442
9465
9482
9496
9498
9532
9536
9543
9546
9556
9578
9580
9588
9589
9591
9609
9653
9653
9666
9676
9685
9693
9724
9743
9756
9756
9763
9783
9791
9819
9821
9823
9831
9848
9849
9866
9868
9869
9891
9898
9919
9921
9940
9951
9961
9964
9966
9978
9982
9987
9992
9999