25690
41922
70524
88589
8408
61744
50110
59120
65341
59839
56346
58355
15771
96334
95033
95368
41502
64236
82392
68336
59801
90609
8238
3297
40190
9746
4922
11035
68070
6085
65329
31586
48008
73679
58001
94243
35422
8110
53362
38589
67949
47534
34770
21546
43867
29803
16913
23195
94039
99306
91531
91666
89914
37596
94964
67931
47342
37712
78966
15411
43798
82121
84824
29632
93626
42824
61701
66874
88761
15062
5463
56709
422
40233
16081
82116
7862
32995
5310
39727
70127
34667
31393
60040
72263
26356
27970
19605
64068
44763
72843
45692
64710
95494
13150
58336
76144
74851
25209
64905
27739
68499
59440
28161
46559
75522
10276
54421
8516
53413
94149
78643
88081
63368
76509
60343
27550
42306
17774
29444
24895
28444
75137
89605
23937
88287
85767
80
964
10976
2811
28703
79475
62252
94692
63860
37773
4967
18281
84116
96208
50256
62758
84288
51450
77093
44630
79000
57225
231
8443
82120
28675
83580
9551
90439
9693
95318
28345
48484
6293
31157
77187
23595
93409
9704
87455
69008
52499
43562
53123
48706
31644
53707
32993
83094
68626
15449
62093
25851
15680
8363
7970
82182
29769
17521
72620
39462
50666
38792
25772
56959
69949
40786
18380
1183
50490
43662
70191
2988
25050
23313
51694
56695
77020
22513
77615
83472
37963
77535
9322
91470
85898
55120
73652
15666
72641
84098
92956
23306
22889
18727
18092
30664
59513
74299
31847
10003
17960
2037
50818
43011
63177
2512
99706
78023
25025
15146
61495
814
92681
70817
92285
78578
25936
3762
94245
36404
25686
25026
97537
48576
43753
53455
17066
41093
27754
48914
51096
45714
88778
39740
88725
51955
42252
26256
29977
5104
41403
91472
5918
71910
62289
98203
50488
26051
39791
82559
62455
65478
7584
97819
51880
89164
51273
68946
30256
79027
55686
19178
24741
44464
58919
51292
96419
38997
15375
26395
44101
94605
55694
87847
66514
55809
23875
54828
81860
63667
75213
82142
29144
20623
79960
18850
9787
31232
87796
77870
48086
43482
97049
72827
25772
93794
61945
22190
32790
77320
86412
14718
71924
79932
2564
76265
35740
64266
31092
55427
65759
44132
75395
94903
64755
55354
51579
74542
24412
77202
52412
72498
20683
87287
83151
84282
81080
45096
44298
51696
60242
68536
66414
32166
48468
6804
46257
22034
8897
15175
15287
74656
59307
90682
7385
24062
83862
58964
98604
46101
36165
88842
18598
94675
13954
39576
78956
95034
22498
61080
84557
82740
29616
88797
52732
15910
33428
98989
37944
42325
14164
91059
54807
11297
81740
62192
35359
3428
58983
71790
49529
95148
98458
5953
27649
12412
45529
44431
45272
68027
5511
29828
88594
35127
18625
41325
88864
89880
78141
26807
32204
92305
17865
87011
41428
37432
87030
76788
40860
46012
86404
90389
41159
84861
96342
6634
97273
79698
51066
42545
85551
56577
10199
74144
29530
28824
15469
18393
56530
93610
83027
88734
23740
38719
13571
65168
76151
600
79782
54837
46612
66185
83052
25597
51046
79393
32232
48318
96917
83298
28689
82468
77701
38889
56611
7230
5539
72080
63450
62070
3515
84303
88630
27255
23021
40027
30250
36998
40627
10031
29661
25065
76217
12712
50663
27262
29932
20721
13406
26848
4018
79923
47142
81719
56638
3753
26775
3
13659
28051
99900
17175
12353
26356
82257
73202
66383
12506
48026
7010
60365
77688
32075
36581
90400
20564
1669
20331
41285
52902
85007
83130
32824
32148
2674
27288
73728
67276
27292
87388
95327
27191
42389
45507
53547
62472
18708
19930
12805
66734
64767
73170
82248
34668
9750
72648
93060
49246
30805
34344
2147
53638
55301
34972
23613
57975
62260
97341
25251
27378
22554
58404
54570
2769
41737
45943
65242
60445
3699
78047
65006
6292
51216
85080
40961
98793
57727
71847
48038
26359
44017
50185
17823
99318
22983
41436
95120
23070
38777
58197
50448
99158
16600
5017
1927
58338
88788
67169
56609
92487
83042
59441
36606
72084
44521
15393
8702
40074
87240
56740
4259
31256
44751
22083
68401
5561
1345
63520
28631
40122
21716
79079
77107
76143
84097
79034
34480
10710
84029
28916
41023
4896
88357
77629
76980
70704
93022
23508
48605
80261
18074
52864
49344
62825
12773
17744
68386
14119
81264
34843
92068
40806
13922
69174
16948
35845
48207
51429
46555
70062
18171
87578
74958
44354
65207
89764
15058
58228
13271
63663
76316
31345
54353
25659
31997
67127
43403
38209
81246
62493
73053
11139
3298
86975
80314
20246
22819
66347
9501
7200
36409
27672
94778
49193
72027
97811
38957
24911
93866
90055
88574
70181
59227
80753
95840
91224
85706
77069
29432
4777
39561
40311
15917
42859
27285
96231
63105
87931
62577
72607
95131
36812
278
27735
23832
10131
25545
62789
35042
19410
90670
61442
89591
49896
42195
23256
41119
27900
324
8378
32678
39885
48689
48595
20570
13801
82652
83676
1731
83055
94109
96863
19867
32213
24597
43699
42345
87969
44314
77387
7379
72810
76656
34796
22706
56677
58053
1651
84577
96204
10029
55081
73916
96546
41502
94486
10346
61980
78161
49904
45035
10095
84593
2728
42309
47016
46427
22480
34985
28567
37693
42364
1376
14348
14986
61909
71025
73039
63561
93429
69243
11416
86336
43158
45788
27838
75470
93961
27644
91458
43865
72679
1552
28457
75407
81688
75474
59660
4167
10458
26053
41861
90649
65257
56209
43461
27165
65061
16500
28552
58489
23569
39969
44824
4553
23583
10488
80023
17544
38133
9306
61409
48638
10859
89866
61872
92547
3165
59358
96715
51450
85412
38575
79925
50668
32610
23386
15659
97671
77713
44212
93986
39108
22007
38810
43661
45590
87125
61510
63134
63084
70817
62369
11722
19502
52235
11420
49875
93227
70778
46589
82504
56189
22990
62428
44683
93428
23640
60343
91098
1352
42381
22910
40460
64388
61720
21947
47804
86671
21284
10938
49755
29927
73307
99304
87256
63368
10723
37130
94422
19327
21546
76925
75517
44536
39352
58026
75790
62993
56195
4714
2171
98576
27624
42632
789
27170
2405
48594
13840
23689
97359
1421
91443
8491
724
78698
9686
49274
15828
4107
68602
37374
18858
81945
19736
58210
39970
33353
59029
96166
38067
99028
32567
65691
79486
33357
92861
81891
81951
44527
43407
17135
45949
72676
25626
84500
51374
35312
71601
5028
77246
40202
80229
96104
59973
99965
92141
37769
33317
88996
71761
9210
88023
4328
74901
67508
37685
5587
87226
57462
87942
68459
12423
71717
41134
38049
56216
92508
11188
65643
35362
88434
5844
15590
84538
3643
53382
76678
41413
86699
65673
13173
33736
91523
17501
46463
59030
93013
52051
84082
88301
77819
52540
723
49535
93675
76600
43577
24008
87788
9220
59371
76221
52891
74961
98585
56535
66169
13088
97948
90695
16588
11120
24430
8110
66449
70893
4966
59461
60770
89049
85589
38588
41588
24138
25949
73089
737
69527
97098
88525
78747
56468
2572
31637
69255
38983
25998
35424
52072
23945
26118
68660
72893
50548
14596
39341
59267
19562
36628
20037
46437
60043
58625
88026
84182
84575
61114
84919
54101
96038
11270
70674
52505
51669
40137
59587
90652
66136
32837
80550
27907
58955
49209
799
47329
1631
77967
6595
59021
52422
26632
5457
12464
23084
31309
96646
7658
92424
19391
99586
88461
68488
8085
78793
20156
86049
76206
10807
52184
9042
91358
17918
67997
78393
18717
53152
17851
34511
59747
76872
86933
24206
82329
37223
47290
13638
33869
92775
43888
91087
30186
70175
59574
76098
86794
79730
62146
62999
28363
52157
72041
57547
70075
77864
73767
26618
31015
91618
61129
28589
68489
85888
90622
88644
23111
37911
2281
94807
68512
83996
85893
36524
54171
83293
12621
40964
63022
12593
41790
29211
64750
13830
86759
72651
29521
60525
99270
60536
89969
98225
26951
58457
84113
17572
47100
7223
93310
87209
39856
99648
71204
25748
73998
25374
46867
86619
4165
9888
37039
45955
76926
39615
97612
63684
12266
27132
62035
49362
25495
52003
47586
52446
48286
31698
7845
95387
76748
38981
20421
16603
76456
91625
80178
50453
54826
27044
74899
58991
74759
11937
42772
89512
51552
40383
91022
1644
67516
53057
51006
93011
42886
36419
83283
91173
5943
28954
24385
20518
67936
44806
74948
44391
74257
92953
94844
29082
57823
69742
25899
32582
19505
68671
59920
8884
9054
50941
10528
14396
41824
99362
7406
84711
73607
28515
13709
79550
57470
38094
67
63232
20726
12842
7622
94983
5794
40292
61892
63617
47861
87791
34025
67366
94289
93945
14076
3342
44886
62432
17738
86710
61793
62971
71420
73226
91486
85129
52775
86782
61049
90670
50013
81775
3511
95462
14584
9305
35754
76476
72922
21441
2092
6947
26633
96381
891
40710
99723
83604
3141
55287
8140
64934
56084
17386
75986
85397
2515
28760
72178
1390
57256
22191
20992
60767
17652
35576
7898
91233
49878
80821
12673
51970
25594
39307
48351
64312
17843
85900
85743
20984
79014
93883
23744
35097
11268
99730
20493
51610
28489
92672
53001
23572
52689
73993
84339
8167
47395
30064
99401
97273
10884
49900
87069
74305
27033
35419
76443
44876
59146
62185
65860
38159
56067
27430
11082
67336
27159
31576
18945
93476
62074
9772
17047
14762
21591
39212
22929
68986
69276
60156
4084
17986
47883
91154
92291
12742
64399
6560
95446
61371
68745
99132
99530
24812
26562
10612
29974
53721
80015
48919
47196
42088
58692
2069
94677
18109
41282
55432
87096
10557
15588
29006
66371
1297
20159
96488
51866
22385
3047
47311
83756
71793
46443
21112
96605
73005
69551
64405
26725
49565
13323
11748
29479
9841
51644
24155
27951
92926
79587
52873
41310
33001
81879
7680
72125
39865
4167
23991
76
7215
71302
83832
16834
17744
42770
51265
90749
12320
15669
55301
61885
66819
4875
29190
76661
56519
53345
42438
87272
32932
33137
66408
3759
52842
74088
75885
92707
16081
99876
92783
61123
71177
14441
77957
26748
57211
29221
55323
7358
44890
10623
7069
11709
53325
36260
26196
47671
89605
6460
72769
60363
77424
39176
64123
30265
51090
77834
22972
4997
77709
53581
66121
86712
5848
81904
13459
886
11125
6609
8244
93842
55059
15313
43377
8384
51573
7399
93882
79005
13859
66650
39367
91283
43652
41316
21548
94742
56976
82347
99739
72511
73754
3685
59223
79603
85590
10508
18315
34541
17117
26559
66209
72177
41872
9586
18387
31272
54812
12268
10276
68672
16744
87470
97781
60396
66613
57155
55137
23588
77328
92702
96100
88909
34214
93149
6337
57630
41483
24652
29997
96428
51211
96206
6430
30909
43618
24817
7
98431
74912
48110
4928
91656
73407
2708
89878
40019
97691
82841
1433
75018
13368
35359
63926
47582
28507
70263
5211
7817
32741
35208
4244
83952
69241
10674
52688
12858
73318
52695
49115
48229
805
54043
77711
12038
94579
5414
52057
92269
88255
91317
5112
1622
26676
6865
87032
93010
14954
30069
826
47696
3104
5070
69474
72345
53571
22161
23029
26888
12683
9971
12943
51315
64014
28480
63353
96419
33894
53236
26513
59975
44552
31626
99425
71228
76318
86456
64238
91272
54351
2890
76794
57455
7961
84095
67626
61532
6255
90656
26247
56765
626
39190
45906
2466
5497
9258
36712
39391
320
63225
37193
82700
32677
36617
91754
8994
60899
55991
38093
15249
96709
14886
10531
4669
98981
78157
4027
43063
6638
68101
37654
45091
45118
83561
47558
50615
30645
22096
27832
68793
85321
65025
51492
17998
39468
43245
26992
366
37063
65085
53443
33771
17798
63974
76267
54605
79957
18120
35494
86596
86222
73149
31686
31339
94536
17070
81954
63007
39166
47612
31799
24487
12637
83291
80312
89932
26536
7303
28125
63599
10215
81568
97370
65840
83368
11462
20444
63324
29582
93766
49919
15803
4740
19432
47142
99276
36502
66922
62282
13495
14534
94082
75809
64998
15198
56120
54929
41734
63423
83054
43159
11464
2447
78355
77304
85815
89817
35575
86966
19399
67167
36884
35202
71907
94143
20171
71182
30645
24919
71290
81967
39453
3197
57775
42277
18396
13894
35033
97957
15143
55913
41116
26608
58361
19470
41738
82002
9287
15139
68967
28686
82306
43678
1714
92039
37820
59712
63220
6291
84632
72337
88258
61911
75534
83859
4188
31756
97753
77048
29713
50723
32960
70829
15157
29147
90299
94722
11149
99586
9861
17942
66098
29993
99447
5639
22032
37267
65351
23078
81385
49982
33241
7469
11893
8775
91328
53908
78358
26907
30955
8070
77630
1741
78899
92787
30889
7024
87508
42038
44436
35195
97807
48361
3015
97254
54000
25047
72347
19350
85952
53731
69333
19193
99027
19052
65795
90355
10786
44152
55088
41741
90050
32717
43482
6774
63330
12197
13798
88664
54235
96062
23859
52042
44422
64701
87122
98422
89748
59468
17771
13525
13198
24930
70545
12225
81809
74166
40406
92595
56145
95494
72162
46194
66037
53471
52968
67193
65668
4593
55856
57730
654
17541
9771
45076
20068
96893
43497
47642
94187
99095
61168
7384
61852
31712
57436
43660
5878
35668
36255
62023
68988
8416
46043
35024
99714
36837
40043
65382
41430
33726
23111
42084
89094
70709
24986
9162
5427
6309
56804
99614
43231
55798
6997
5082
87511
2260
48742
31215
37928
22823
31064
6916
69067
14933
79767
68780
51770
57637
71988
93201
91363
95099
73111
18282
65807
35924
27444
71234
42233
22075
8673
85464
77873
53498
28372
65383
55758
14941
34424
31512
37764
3314
76255
44657
18247
93849
51264
7844
51485
23251
38871
80674
18350
49808
98956
21983
85732
64227
31044
65792
86302
39717
89082
64174
93215
17454
67384
86799
32395
39634
18311
7985
80776
32392
90470
36849
26240
41733
44693
15551
64984
83564
34051
83334
33372
70834
5317
56930
72887
36361
22721
59188
13904
11803
61188
7119
67084
66398
31744
37305
6032
50055
45290
86808
20274
35759
23656
84341
15318
6176
37719
80303
27566
9596
63636
98765
80430
6779
55695
53316
80967
16242
50330
94872
28045
11518
39817
32955
77916
71561
70260
21774
59443
53377
46408
17543
26962
7891
1883
42281
14067
39602
22583
79460
87026
24045
78225
67455
30825
71746
58598
49618
87988
8927
82316
53860
58272
59959
86815
74015
31520
94902
95789
28789
48278
80024
46332
75240
87915
86042
17520
1981
63471
40103
81441
50496
64149
97492
55777
32800
69237
14374
20244
95052
61129
2560
48911
57227
62519
73552
31241
31865
68453
64857
98481
16730
44880
82639
29797
70621
68681
47317
72602
69978
25247
91869
58300
27222
27187
14076
60022
96424
28451
18092
29301
27406
20652
78212
84633
20998
89591
53701
52863
58043
56384
51344
12600
1263
71809
42397
71884
78316
89714
82312
48293
52787
12006
6592
80009
39193
20669
77857
73444
86947
95950
2744
52179
16601
18783
36811
37599
8373
28338
28289
4242
84722
17459
16842
23811
89268
59239
33521
67584
86780
15832
53703
39566
65666
60296
57402
42685
18791
35258
53955
43564
31207
94527
95743
85636
51136
70380
61061
59509
98719
27176
1577
83440
44635
18420
7251
71730
15485
40772
39313
2264
94432
30842
79658
97924
91138
37059
40608
47755
72317
32390
91319
41351
26916
87061
64813
78052
57441
63700
75387
56159
90877
76964
77425
73338
95384
84676
45067
48696
63275
22206
50960
95533
53049
30617
93456
82013
67676
71890
29768
77820
4279
21086
19170
69022
45974
21809
84900
3414
85509
60286
97400
76385
75077
12650
87550
8286
35153
70443
56982
98428
92650
7942
31786
83525
76386
25241
65537
44062
34957
95305
59708
77064
54218
16704
83912
191
38513
68812
41432
24021
66924
76658
38233
42000
89308
25782
50287
24460
96225
7268
60714
26700
53037
92500
10224
29423
55567
13588
11311
28351
46719
71019
5414
936
87723
89326
38954
26235
95964
80386
88083
62888
57043
64142
4887
84178
89924
93001
8637
23975
269
69352
88502
91133
61851
36553
20555
55245
50141
69693
83596
96860
78538
26836
35623
66260
16161
74577
30321
12125
92790
56231
12839
49832
20372
17726
71836
48123
10727
80474
9924
48823
87652
98426
39955
87329
34978
98338
42573
22945
5856
26168
19805
84395
53004
93255
50654
6992
67831
18802
56944
98447
75033
69783
86106
33231
25335
57941
81354
73889
38414
91278
22711
26065
89704
493
13394
62508
36657
55967
85454
42513
19962
43085
26907
10792
36339
15388
55611
41996
72017
50381
40443
84876
20163
26548
18106
83326
84489
99461
57214
60730
28564
17752
86795
56094
56072
38015
18602
92729
31809
41882
73068
51771
84967
37802
389
59132
53190
93828
38954
63033
44208
17223
47908
2198
81598
3840
85524
66087
41127
80564
64643
69692
98316
89264
25785
92214
27279
44387
22768
59088
24095
95837
48685
46888
33638
86901
6019
24654
80728
82801
25513
24936
23
11247
27134
81622
15087
50484
85535
56215
31047
50177
25906
67190
39440
51691
59403
4545
33905
82172
63633
95827
15834
50144
42715
87299
37045
48734
49779
17772
69361
75292
80535
69385
86539
7668
88833
39452
58152
12193
95667
27026
196
21572
94216
39636
11090
91445
82009
82822
11442
83468
78648
27276
33612
21362
52401
70657
7923
2179
26255
77284
15297
6790
84495
39662
52285
11153
79115
48264
23346
74781
75290
23542
34180
7331
1005
83097
36602
83014
65918
48045
66481
82392
13147
92
41581
65549
8575
87331
5554
72658
2440
58679
17274
86936
36167
69559
35915
15281
55649
59262
27889
68765
82804
99896
76096
83809
82992
12698
4648
86736
98570
71130
6953
11716
9048
48534
15091
55451
35864
58473
28108
38305
54978
45382
63067
91145
52767
98982
44253
8416
96070
72142
77181
78874
9863
91104
508
30681
3801
5157
17416
40197
14113
24369
89740
23161
10730
4831
16438
84421
1130
44546
60552
56108
27754
61445
47252
80522
98254
29331
26764
94323
39299
3944
73196
49162
95048
11531
79843
36675
16688
35085
76872
68628
97282
66612
91789
8011
9269
46054
30258
48226
28426
90811
4333
56181
52255
89412
74529
50508
18743
1292
82658
58042
43063
93680
7204
75938
5210
24873
12612
59725
59959
27311
28352
57240
31749
57968
3077
78845
4021
33335
27070
32447
61972
31403
26454
52054
58641
38809
40388
77384
77928
23045
73253
20991
16725
18283
96929
21935
43156
47367
81661
40941
74678
10012
36007
44253
67980
39084
23097
9827
10246
50167
42275
10044
81570
6555
62098
40211
45365
2486
55421
23292
25531
28673
82110
42256
46956
79038
2018
27939
26405
83679
68880
38909
31517
4887
83163
37324
81798
6259
47151
92044
56427
27252
2088
75823
33808
2012
53860
16999
4498
47108
40291
30030
75781
22401
10112
60564
39265
12130
26329
3496
33635
95209
80233
65153
37922
63395
2476
19720
7480
49627
49590
1733
76880
89505
15383
48514
91518
7069
65513
33842
54177
43630
1698
67785
3857
11811
66175
43123
61768
92504
84446
95404
25538
64678
98383
63461
65899
858
21007
11206
88312
70597
50766
3017
97929
66149
51531
89446
73219
54870
61114
65222
98501
62813
33006
2357
74624
99181
83307
36391
91684
5579
69621
17222
70257
68003
18509
73983
6687
39516
23015
32826
47939
73781
35843
45867
77757
25201
73139
50975
80071
34253
54023
16397
97066
87030
18755
9515
24036
39888
83733
53547
45467
53354
8595
53551
59183
27104
27533
65871
4446
88375
98697
52385
62155
72366
36079
39911
97567
47044
28712
15464
81297
82736
69688
16188
7591
88443
25703
31627
66158
47263
85174
11624
616
93769
65175
59799
20872
30534
63496
63145
18908
18
15530
18890
72385
89436
58801
7777
36479
25340
23241
55603
8075
92930
9617
15666
19198
73148
47293
23182
20410
70294
34807
58853
64062
37808
56478
22761
6169
19974
85906
62904
19992
39262
81794
92377
66524
78422
154
3003
3761
61222
96433
49663
91978
6049
65329
11176
79197
50448
72185
99607
20741
6991
58459
22630
82627
14937
83218
26622
72738
69123
89526
92730
46212
9146
22933
12735
25394
60914
53565
29155
22135
49997
78818
51940
56047
81973
942
35243
32420
73127
72677
90989
80119
31135
13618
571
83899
34662
27193
56636
3784
54545
87193
87823
1517
10125
38385
26911
8865
91950
56066
68827
41947
72710
20766
97994
54682
21708
71063
24929
94836
43739
15917
12780
12701
67362
13351
96600
2023
78371
91063
43634
32915
78255
69284
34433
26206
7668
61344
35071
99618
55237
3897
41564
27946
62491
77384
20455
84199
48447
45384
79034
92186
61301
29640
4886
66489
42991
39313
68512
59188
30375
49972
29930
8629
19255
2189
72662
26923
1359
7732
26541
56596
49456
5931
22369
11946
83316
42824
96146
69589
88208
13005
61774
87335
42646
4487
53823
23463
81627
60161
82652
12001
10132
50408
58457
29388
52597
31118
94138
53956
76677
20678
10552
63959
64437
70748
75906
47752
13571
9877
17340
39605
60709
16940
26939
41181
59254
18588
2471
40880
78749
22949
90708
26707
73357
49164
93922
25953
18108
88060
79909
32611
46564
90461
96571
11000
99035
10302
96579
12605
58006
13918
90037
18714
68686
16975
97723
27939
73390
193
6646
52138
23142
97354
78846
96499
84345
72767
22451
2452
98653
2359
72891
45217
30647
69461
56217
29681
79763
90623
80114
75595
4540
70150
94309
73226
24952
29857
38992
98342
30050
45638
88307
53192
42991
67152
87517
27335
77745
9967
67615
14224
50154
40505
59441
18627
47792
53484
86135
65381
44106
66248
40975
86474
74225
35283
97526
99177
2967
36517
35344
33017
82155
23650
24036
62973
28628
11552
28134
44200
59347
33575
58424
47327
74080
17864
65954
21871
9174
89915
87252
91108
93990
28226
77581
68214
1336
75106
5216
4303
49450
40560
75147
69431
2037
99183
32403
30665
48562
98365
74865
45735
31939
33288
93062
43846
88979
96842
65717
98154
86756
90796
27087
80745
56848
4667
86785
96011
17599
92001
38140
67049
70388
13287
36480
72425
50296
6709
40916
36684
5073
15781
82419
74840
86896
75480
18685
13701
10147
22228
49681
96904
50850
76768
15474
45525
81435
2259
41535
99034
32086
79676
3909
2473
30789
40389
12724
81085
84925
53641
17769
89999
7248
38014
2664
31970
51321
21349
45671
61468
81404
95352
96198
32254
72119
49499
77779
91380
51758
57140
28240
21670
74642
32149
24144
5430
10364
74695
24342
95289
66162
79938
23113
11236
17951
25777
43207
69272
84953
26704
30740
66357
22056
64764
36437
32001
14262
52042
61208
3846
9181
89448
25517
83824
21596
87488
89254
31960
62182
51422
65075
66171
31359
88189
77407
49311
13965
58440
56409
36745
85145
24975
3101
45027
89740
77365
14854
41828
29406
76062
45675
76414
3335
71192
60237
62758
58679
87318
32544
58687
76566
97620
24857
7925
85808
40091
95063
37599
98531
51471
74344
83675
14273
15271
66528
4012
92636
81383
45840
59868
95271
91515
36282
98607
532
34345
61364
59211
59489
31735
55725
36055
29354
80582
81807
15161
58499
76869
90587
57030
66166
64931
78531
80439
80202
82886
22277
10664
64268
68118
70532
97365
97459
44640
33797
97992
78986
32988
95029
38474
64723
50753
12355
94077
69162
94162
47064
27660
8856
37650
22516
75023
2580
1047
93288
20609
21759
15565
31273
86027
83683
1804
21217
18967
46445
55015
54785
63257
88003
49814
39557
90552
38393
51913
84628
45381
83901
69518
10868
92758
7167
33384
5606
47575
72258
98894
68184
94017
14458
37283
17869
35967
39087
76914
92762
23358
31928
47546
24441
57757
35186
63999
48308
11406
53738
70762
56787
37638
40279
67655
30395
85273
38866
73828
32847
48950
72722
38857
80794
25006
76140
36489
98801
53054
13402
91562
14238
83157
39107
38680
40913
74294
2678
27047
85700
56416
35635
80313
31880
75914
85795
102
61187
24660
73930
31860
11436
84478
70718
92230
9484
84684
28719
8284
37737
42121
99846
89803
63105
76779
28482
41844
88899
68987
68892
74598
25402
42353
92738
57282
18267
78532
57384
17280
41018
69141
86967
52454
53618
95511
82511
63102
80195
49056
9212
55758
91177
9057
45560
92108
85837
74042
33952
12561
80855
2843
24986
6256
45196
17723
1365
1289
96255
96576
56396
75099
65716
43363
65379
19334
76700
47889
20262
56894
96945
29475
50479
25948
38532
96039
18055
62195
7907
52007
12583
88762
92677
37569
32845
75700
55292
72037
14815
89373
68612
71212
64471
34328
52401
29849
91489
66927
77739
11750
23821
12509
41225
12126
38457
17584
45991
94340
17605
53898
84173
30188
80487
76850
67757
51158
90376
23048
23194
5190
12420
29632
14228
14717
63960
4455
44567
55448
71383
60132
5025
33030
10467
46250
45156
86752
63834
91147
81091
19266
82872
65263
49454
1184
79939
17211
90169
8140
78086
51189
51158
28333
80821
65386
43050
44781
7668
25443
38055
16877
23401
80907
49907
33869
27157
32889
20620
28817
24035
39537
48083
44733
42626
35364
83744
60392
90402
73912
68532
68487
25100
19689
96820
5921
22902
77697
88529
68397
40966
64410
85274
64368
45317
35180
36063
10300
68069
56683
39117
29930
34046
25027
12490
14498
60391
96234
74890
50792
7972
81249
57105
33072
38764
91752
76820
61666
69448
3174
67889
10413
67585
53162
12607
50728
88342
48670
61028
94237
43179
37971
61994
77225
62998
12310
91724
61215
8543
4439
12006
54342
85688
69112
25241
24452
98690
2060
23944
68137
5235
91834
16376
10646
44995
28984
61374
71164
15480
60228
3226
58660
98199
3046
73711
61197
15356
3260
22411
61727
7700
72245
16068
31214
79183
41309
55666
77872
81197
17437
83835
24258
9270
210
34904
92092
67021
34104
63255
20328
94332
66482
78988
92530
7354
90525
91553
22711
93786
13964
84438
39312
24035
38332
70526
3217
79642
64019
81089
98665
81456
2749
22922
28552
2959
57826
20643
7807
29756
83899
28135
24087
88207
44949
54443
95561
35473
45996
56098
67085
97787
40535
44223
59648
16694
52576
62865
34162
54421
81780
32826
35876
84529
55748
2254
25314
51400
22897
70948
81156
44622
99083
43069
70655
44031
97512
4042
17331
81334
60140
84416
16946
38502
66466
76594
55196
19041
77285
89358
73462
59064
22183
47164
81419
15757
49418
44560
67157
10141
15507
86139
54764
14590
29207
25418
96448
64545
29460
13778
83706
27427
36021
651
65929
2486
15072
58951
59354
92357
48308
70642
51421
8317
17805
70666
61901
5049
15225
29057
15190
30733
53022
7780
83150
20055
71026
79597
22426
38312
31202
6131
65739
67223
44610
69494
7535
59682
28444
66889
52038
14578
37530
41285
60722
93162
49778
22622
36037
65003
89506
51227
33562
42527
96835
16711
408
67860
96309
22835
43998
27510
28966
9737
32559
11402
17057
40094
71084
45502
44809
60949
97907
20165
40060
58629
51153
89838
19077
87190
54841
8583
76243
88403
88937
73077
42941
89346
78763
39249
12180
22761
4585
78973
70325
37144
90376
87382
15064
99286
70710
97700
98061
6443
17864
38121
65072
69017
27958
21975
94033
20625
30558
70275
46855
19495
81179
89796
8840
59941
66871
58847
20528
9282
37819
28679
46426
66021
16061
99317
3133
24597
97016
1193
31040
52706
39314
33938
59549
5099
55914
53581
25724
24298
61682
10405
43793
42860
200
90460
40628
4897
49306
98983
14179
24952
27662
98432
28799
43723
97748
31932
6146
94763
33126
37187
85295
72440
8951
44843
15365
2691
98424
41090
26990
97933
51495
8609
40792
89523
99070
19246
94420
86202
18229
8599
48980
45891
7030
77780
27440
42605
9711
33586
75194
42837
8599
60489
53104
17551
5331
68469
20242
41582
47385
85059
39514
36707
93669
18132
26229
92738
37379
58475
16765
55608
4900
65746
1498
49758
43525
28938
92363
53236
350
67556
33900
8950
28044
87004
64328
33376
93299
84570
12784
78511
7455
52298
15217
1123
70430
79273
31687
7808
37747
48452
63416
80475
14197
2740
30232
95549
69505
22594
86612
69856
90150
20511
78806
18194
45341
43133
89397
76466
65529
2180
54976
72984
92305
70193
11933
62734
87292
43620
8369
62866
92073
9611
43340
44096
12352
73572
77472
19683
96166
64083
89539
24141
84594
68344
80162
67761
49303
7384
44226
52659
9564
99203
25642
39695
7221
37576
2429
32340
19022
10798
95206
11094
58236
38545
93018
8414
49943
70489
28098
83935
34571
17636
8075
56991
23807
26064
24751
73110
33448
68977
25768
80840
6005
89238
20534
51054
64640
22963
83394
83662
71588
78599
32583
67651
54970
63427
76065
4912
33915
4162
88847
6312
21799
34748
63303
83433
60812
25880
56542
32087
32683
20137
12926
38689
47201
33460
89743
49667
94251
73136
71155
3664
89561
41564
71315
44530
4990
47380
87269
76732
89369
76115
83044
11167
48689
84173
94600
47328
10052
88969
79415
42736
46932
30167
19251
31959
63627
8993
19452
95704
19955
90607
37195
47342
32171
8509
29698
74988
93716
16966
51720
83085
30907
34763
32078
79596
56763
64505
64750
66815
53473
81991
47377
38231
12157
66628
8016
13611
13447
27468
9314
71229
55901
84336
18570
25898
92846
48268
886
24387
65234
52606
7471
33967
25195
77377
13563
81958
41881
16139
86600
33180
98131
33976
71411
10287
604
17253
23898
51878
44721
71040
23107
621
55375
41677
26520
86047
27772
65233
10434
93006
17838
55732
26973
80860
33108
78363
644
74989
94502
25070
8168
30458
59046
17405
40746
97477
34658
2470
49355
17205
73510
72462
17827
66712
51965
82174
52758
79737
47406
1018
10569
3070
56751
75369
21756
27685
53731
60227
2674
86059
85297
48669
54344
44343
66075
95090
79646
38559
35386
29000
55765
8896
39288
11418
13434
91254
31418
4018
8816
16650
5037
19385
19720
99615
94754
79303
27299
86311
39530
67800
10196
24826
54296
64540
6995
58197
97456
86642
96756
32841
53468
90347
79564
30583
1764
92998
59663
33182
97017
68479
49832
39880
87865
7378
77321
20444
86682
42446
6755
64038
10246
16951
88864
64542
19317
95860
22738
16772
20327
57320
49613
11621
47667
67004
42204
87258
97828
39693
20440
32670
8172
8098
72550
96037
53304
49870
54307
77812
92317
61062
41849
40389
15839
68539
42757
35156
64398
3321
89755
22551
60641
77195
72000
46134
44198
14203
33392
42025
53897
53832
74696
99896
99757
85072
33758
90887
72769
88065
68698
2911
49127
10546
43300
64966
79086
23883
37949
81310
27204
27703
41688
25671
42724
13687
71806
86922
65717
5197
66774
57440
96856
41469
57335
34438
64367
91093
25325
37135
79158
94023
40046
66111
42396
21172
68903
59308
82882
6851
78444
10085
72382
20131
73584
15105
71645
45389
39854
37362
50586
6627
94802
85268
85923
89964
19705
50289
81056
45030
25251
98040
76880
3123
64150
19275
62123
33053
16409
45004
77731
94853
92917
87939
52811
66500
3044
62282
11888
42898
37470
300
87352
70099
85568
73274
60062
5272
61389
78944
88130
24466
76984
65009
27590
78960
84284
27539
12012
38519
72543
27570
71198
65459
15508
61835
31958
56379
24117
81673
37103
61587
81973
24454
31685
5366
35554
29573
48466
34770
8517
36595
59236
85501
1603
24652
64460
23713
90018
14299
62232
62561
41869
33429
65846
95204
33091
35631
51583
57208
55130
88686
56621
74930
50967
26133
80296
86521
55706
28761
59117
64223
65356
56180
87550
66959
18658
52010
28498
8676
4135
90730
71237
83831
61986
74909
79034
95077
10539
68443
90111
65670
57129
84558
78426
45922
10690
58721
70269
66397
25309
29386
68446
90665
85566
55996
95451
4223
45832
23948
12899
49967
52505
21962
33797
14490
34698
50657
47393
83064
19100
75330
86560
14055
59887
64985
59977
70578
23706
30245
74801
49015
59631
81073
77506
83023
74895
10782
25073
20726
34731
37972
8519
87236
97762
80143
39552
32459
30800
24771
53349
49900
100
39909
63955
59987
4893
23931
68391
28599
54176
81018
15440
51634
99918
30773
34656
74812
41555
97556
33365
76286
73355
41884
1347
71116
22027
78726
41401
52827
3496
94750
40553
3596
34658
4507
1410
77379
66265
7627
43804
58267
26472
59245
9900
26389
90018
82384
39027
69399
79939
72392
45685
53293
14276
84859
62235
74130
63585
41462
64783
4907
74039
5335
46331
8696
9842
47741
23901
13933
93195
67706
72200
19666
64777
19927
83882
92621
40137
22909
62019
57902
95301
45530
11195
47403
30389
11256
21532
31800
52719
86315
36707
26757
91650
83038
73280
39318
68605
35008
91078
61800
2713
63278
81466
67490
21031
65348
60110
61168
26083
59955
19069
21383
5485
68091
68787
35874
79348
28145
5500
69893
14460
42207
34476
43936
63072
45582
21081
31676
80590
12158
93476
83303
75436
12768
88619
34293
15942
86555
95461
42025
46510
14530
63408
51995
82621
70021
25695
99795
98167
31195
69687
50453
73402
41989
32215
74300
87572
53296
5976
68161
65455
37278
89291
78717
50046
15735
13010
3814
2290
46297
45839
48800
60827
47074
38621
81275
54921
64316
81069
90914
95511
88583
41366
6738
68398
73582
81039
55969
64704
24841
61957
30158
62119
89074
46702
49992
4808
97539
53806
44925
43835
99646
93725
42489
84546
70172
23763
39466
34487
42658
30380
67824
69067
9572
12389
37465
83154
31254
31260
85685
56095
31043
53669
56040
20116
370
6031
62752
35735
59838
7676
17397
97310
39228
59886
81855
9399
21475
59147
81714
64133
89527
49537
33200
99100
99753
8491
20079
31006
39751
5763
24927
70795
59433
80968
28737
97630
86999
29315
71192
84663
36992
88589
81972
14046
48474
1652
61272
69949
60800
42985
71908
50326
30349
42934
87252
30101
51425
45158
98935
29003
88748
61688
37624
48180
42655
66361
83637
67481
95677
54828
52143
70495
43416
71942
84541
29716
73594
83639
37491
34393
26624
9398
22546
56973
52333
47624
24900
41584
92782
23834
70587
81530
85523
8210
67536
66004
12398
51172
71311
8074
43826
23454
16395
25068
33222
38762
54784
6815
22400
92275
79036
49024
1673
1581
43823
91833
49205
68724
33416
79814
30384
41830
99170
53733
50040
66705
19737
264
55704
91048
8338
99530
52328
62560
24598
85550
1321
17208
30192
61549
9483
9227
10572
48983
48635
92223
78642
97840
60946
49884
15479
29156
91714
14648
82890
79581
81354
40453
79845
74884
31500
26010
12239
21655
88570
74664
7204
27718
91873
75223
89267
39182
84450
37665
25991
33084
29887
4632
68751
28659
54516
84230
57816
84057
36705
78532
1463
18058
18984
81308
30768
88311
45144
43007
9965
71541
17671
54997
37085
47370
30219
26351
86552
52496
1842
12542
23406
69557
55001
29983
98216
9516
52040
93858
31399
88745
10215
32862
44629
29199
51997
75397
17510
97141
18403
65302
6507
73901
20298
43592
21270
88345
7769
45648
78667
9612
96017
2072
79169
51017
69883
15210
60534
21922
46895
29759
10666
57110
62622
93122
24136
14618
68518
79473
49585
24747
44774
56093
36475
2899
99685
95572
29070
45281
41220
7736
54893
37236
9808
71888
88254
17517
24924
86614
39439
9645
54199
87932
4582
16820
81053
28718
69265
49570
46017
18850
12144
90791
12769
86446
31516
12453
82017
60586
57734
23236
68322
50453
98300
15957
60167
24379
33474
22918
48819
72914
32563
3017
60845
37145
57665
79725
3689
26929
67121
49706
45779
79265
40497
58548
65710
9839
8828
85554
70426
4388
46616
38747
92669
44915
92531
52835
7120
26005
75753
93766
36745
46143
96784
35416
83288
92275
52967
24804
19203
20088
74510
2809
37179
52833
61357
40716
62673
8011
26269
33098
50227
72885
9671
42895
55627
40029
33556
62747
3860
47136
56513
78432
93279
91123
13847
14392
21223
66815
39196
40426
24729
13706
43235
61908
4365
42419
2623
67038
50430
28892
37962
656
1777
85461
81378
95231
25489
14934
57977
29349
62070
52316
7780
93175
81265
59454
7566
2487
64095
84590
42914
88824
98296
23975
88559
2660
66394
91182
7525
54651
57901
45487
93134
97505
30947
74512
92735
94263
27272
88538
23611
27168
40854
69218
20342
59945
66499
27908
62433
30593
12497
43173
57244
48619
4974
45802
89107
9195
74810
96632
63846
70537
79945
94806
5867
48719
7143
98602
42981
34415
24966
4419
99410
3646
73637
19751
63591
77962
85487
63850
8555
35810
44849
3625
84430
49824
87254
11362
59019
99890
45820
60691
70427
63591
93323
76294
12309
466
12722
55291
72708
37688
97537
72118
41334
8999
29695
42751
86962
15181
44428
33343
50992
89277
36968
73248
76927
24221
22436
73772
61937
68256
72289
32363
31846
65612
46484
44156
3904
97033
37273
76612
34720
72636
86556
13880
81635
16251
94458
68596
69259
38885
39765
20250
28162
76733
31324
42915
38780
53760
16687
717
59842
88976
70907
91689
92414
17390
73671
96318
14422
48770
10756
86969
21405
35138
38675
40866
51389
33133
47289
20648
9844
87054
78725
75833
1613
10049
18748
40393
1635
35435
41110
61478
62237
12017
53166
54651
67234
64663
88795
19483
51259
99551
44278
72664
34689
20780
51356
23904
91740
98645
82379
1583
23525
61104
77417
25138
8979
96165
65531
10614
69426
44468
72092
69489
94312
63084
24139
99372
65573
50761
56681
16831
88138
959
27321
60653
21739
78678
84558
13478
15148
4762
52888
76500
65866
30304
1637
12671
64295
4995
61113
33720
87290
71031
41036
19427
34115
3001
18798
37514
53762
75480
54346
41900
14265
81667
2552
36004
98171
24936
87309
13319
29699
40196
27645
33391
8327
29283
46063
72622
72105
7175
44169
59394
78206
85205
78821
50147
88206
35445
87662
79795
48751
42007
21694
63016
61500
62073
36846
59671
87010
24154
10816
54535
2177
38461
87926
10504
5570
71815
20952
77675
78990
65121
74895
95023
88152
91542
82996
14184
64814
70657
93979
13564
50490
53499
14407
49817
15571
51253
9487
40407
13234
58130
94942
53238
34417
82868
63742
39988
92509
22520
55489
71499
25468
68211
4347
13619
59752
87343
65630
24565
95827
59608
75957
84143
13106
90364
33959
66505
79443
81273
6911
92677
77229
39680
45914
11646
60374
47482
89461
52882
7829
82776
62207
33297
50986
4380
46916
48565
91724
12546
73130
25376
9980
86913
9518
60914
77276
81305
27418
56719
403
72156
87222
77633
49662
70963
89279
10035
18444
16565
744
26273
99341
62951
97397
88154
67332
82140
36718
96882
32512
47674
60084
42492
34587
7428
3405
11862
88733
68650
6407
89137
78633
93630
4595
66121
64592
93874
13983
20862
48265
14727
84963
85432
15504
82359
73585
20662
64498
48129
55370
97010
95804
15453
77329
30390
22882
18560
80079
49441
25037
24313
76404
41496
17942
80999
7616
20360
12698
21599
79049
60963
74153
64011
84222
27484
84197
57806
48146
48694
5935
41343
83531
39565
56796
98686
69955
17504
17245
87860
4772
42282
12172
81176
83778
67941
1
29221
26127
12699
88647
5176
11489
62800
7013
95711
90284
91210
91343
76256
77731
97278
17598
99088
36842
12221
97773
44623
67552
15017
70310
72324
95127
20308
91327
78904
26076
91328
45951
52203
4026
34598
95206
53342
97398
2219
49052
25507
93429
40395
39589
71159
75499
95015
70246
50168
45062
5844
94791
12613
20862
2926
84938
15988
23235
76264
32718
49311
5417
78670
1513
47270
13267
34546
612
48491
36765
87491
11824
30193
27885
51413
39179
41211
84254
47251
91379
29315
90923
23995
41929
11784
26922
64693
65599
50157
78783
36143
37294
84200
14812
76634
31469
65906
11179
69908
14396
47944
57399
64047
15964
23110
15460
92970
64321
37540
78047
93526
66856
68969
17521
8784
18579
44443
11303
84178
32426
90086
20321
69720
12111
72960
46353
81407
38866
57533
51315
91089
5476
8713
92963
59267
69650
8422
52236
33971
83789
68110
65323
50644
37078
82844
97255
55658
65113
8557
77662
97539
36469
97983
67258
48580
8769
13611
29987
85462
8970
81302
14376
52273
27841
7338
11540
35317
53587
1602
69288
37376
69712
72438
88020
44617
55281
85275
274
20394
31658
15762
17932
68128
13745
23017
54534
60341
74455
84521
45802
83425
3648
60178
35697
69316
67517
47237
4633
21103
86667
11747
58479
56378
84185
84326
994
77293
7426
39095
97687
39084
54858
53445
45038
6429
76462
99573
66770
50916
21919
50398
34340
63395
10575
7864
70537
15918
55101
12996
74849
41767
62571
71154
35972
46755
55479
74793
61874
731
13888
59560
39816
6572
50832
22680
13001
65120
60079
17597
16036
19825
67995
88203
21046
16396
96067
91583
70142
88995
42406
44990
68588
4976
53970
42386
89558
47276
17179
51432
48007
68894
48818
25649
75466
99650
48330
26293
64770
46235
81717
18632
66060
49711
6834
24932
3933
40728
54342
74075
67549
96748
56891
73963
1723
10861
16349
29107
95964
71355
80539
43970
78075
29357
7446
91367
29006
93603
17659
31602
39837
99376
50234
43724
86913
94896
68656
90846
73450
22997
2747
40998
57571
97465
52787
97121
46152
6962
26228
42115
16143
6766
86086
94218
73950
93532
85584
40783
87134
41069
72385
64797
40444
60446
8520
65183
55341
15003
56029
66617
75827
96603
45441
33398
94067
98228
68345
40219
43017
94573
20160
59160
39166
6245
53378
13115
37603
76788
91725
62563
17857
1936
65187
96128
62382
11533
61311
55549
26536
55166
22165
40190
51768
67606
11414
83661
3659
79759
61706
46676
74332
81867
5836
51324
25938
97041
2265
1368
11654
93991
1757
29511
95927
66944
25639
96135
78478
86950
51683
42840
42115
11674
83030
31709
79280
94444
53196
82939
74203
14902
67442
86361
96769
73278
37684
60533
8144
39949
61901
19798
71766
63659
87137
5518
30602
12775
1652
46906
37551
91162
89747
17492
2835
72776
49201
19941
5046
40223
40707
17075
55125
8148
3435
89720
19252
78946
50253
27396
18894
12153
85021
28487
13638
72157
34005
82068
22758
35658
28973
60309
64646
56546
15627
67482
29322
2654
25249
72195
42878
65956
89270
98003
74104
30531
87723
93356
9476
75802
58578
28370
87955
43599
94684
39420
53582
28689
21487
76341
2173
50460
74476
66819
7006
90104
72127
74155
92758
35203
84176
35635
1158
73445
33638
75263
3975
59187
6444
13451
34988
2849
79648
60769
84275
12158
188
37856
40847
59502
52023
80847
47789
26499
85492
92622
54429
95446
4602
47186
30648
88778
20648
31806
48
92113
44895
4023
51299
89167
55301
24113
92016
72775
84882
76290
22759
22897
51972
63606
82399
3995
82279
30187
68321
67771
22808
22749
63216
27410
69935
31690
54014
28409
1322
54062
20521
46218
95912
71820
73211
89039
33759
65226
99641
18641
79342
22399
79365
31313
86006
61763
35308
6110
29777
3628
73881
90412
64204
74923
55649
34139
44439
9662
374
45762
63725
20896
91980
59636
30542
65190
86502
64302
68242
86142
20769
47583
8540
133
78896
32372
99723
52031
38483
67326
93486
50190
57738
57690
25113
13386
29655
69552
23048
30029
15313
24599
88752
45119
22062
19294
48135
8563
21422
54203
32531
42191
1785
41071
80151
18508
73444
17699
8365
11926
85026
1850
62116
42763
97367
25055
93976
27021
32434
54850
94878
85574
17276
83629
30693
39338
2922
16654
85728
24344
70858
18258
4361
10469
59329
22338
28977
70599
40038
75169
20351
25063
77020
20294
5652
74386
45349
37454
39234
15609
92304
34111
1183
9579
17739
69703
86744
58489
86357
10297
20659
95041
28555
25021
5510
25711
47359
72314
34136
25223
47483
54488
88113
62329
74782
31591
74541
57957
69045
13774
73567
99176
85712
74750
8754
41278
82279
33325
99767
6461
43622
20425
1502
10004
83273
44839
35715
68459
17152
69851
93682
2461
62165
19621
2616
36946
51212
77158
32730
20257
28758
6296
19432
14470
18872
66013
55748
38977
99338
93341
45438
80787
13765
46940
90791
97039
91779
64332
65497
46758
34182
97005
87046
34174
16625
89663
8946
67838
66820
41676
25921
33404
85799
83180
85701
42497
49192
41448
81474
86357
34788
26912
67143
86381
11678
95760
21245
41284
60091
24568
88042
32099
21572
12913
66273
76025
2575
75220
43862
7221
54722
7609
40626
40521
90789
26326
83018
39980
5601
2318
64163
78216
67057
69132
64596
78735
64891
85841
20018
62808
10408
45886
32734
69808
58800
99007
45832
61375
12052
27520
6423
66775
35129
47049
45122
25917
73375
65966
3723
78976
68284
67887
95019
73167
74845
59614
51902
77563
83282
9746
40370
31516
93460
73104
1323
52259
9937
84982
51460
59816
12501
57883
64417
47630
42758
9538
11373
53960
13331
15097
32935
19441
20810
65780
92609
33481
25394
44510
11043
46502
92083
89241
78018
85542
62344
17168
75627
10107
39976
27087
69924
52478
22796
34340
37934
3381
81706
87135
57341
95037
40058
28102
14477
60868
93883
44912
32175
57103
27248
43219
3604
19331
32459
19448
4872
32629
74443
18326
42737
14419
83240
50487
4723
6035
22653
80484
47243
4358
67618
4583
37221
7675
32686
89526
6369
26568
34437
38545
83671
61686
19590
25101
81017
52049
44549
23715
22504
56819
42041
3067
71238
25280
53554
13787
69143
76208
94271
16385
18392
99716
20969
55614
45217
91482
82966
89414
18049
17402
65785
39546
79088
85375
64647
97931
75250
47022
59473
97754
3840
1513
821
12904
64621
92202
26691
33763
6235
58789
87975
62455
58504
46770
55895
3720
38251
38860
93134
56300
56262
58918
95846
73177
82119
98319
71107
57368
45341
30579
92949
49181
69920
93770
62086
34540
23797
88777
6129
30033
85392
31930
30314
43895
78701
86209
85443
16951
25068
78576
11078
19156
75321
44750
92333
95266
43069
1266
52634
26236
31845
45582
75417
39591
77178
75329
74131
38801
1932
18086
6660
87324
50017
36974
31219
66544
23182
54488
21321
48250
33063
32399
67407
46210
14976
97566
41476
95872
98832
31936
22107
30677
15344
35350
8094
30348
10679
20052
69149
50438
38138
75810
37761
25981
12783
6806
30351
73793
61294
51673
22042
32184
21898
27275
16220
74701
24841
95523
70572
23672
27458
30505
92176
80629
3682
270
10976
52188
58149
80126
2625
96287
93762
78213
60095
44371
85020
28272
18163
84140
79945
40206
16323
39670
5307
32544
14370
30148
65893
22769
91648
93352
91101
21649
11806
94783
59746
22783
46970
17894
40735
87422
52008
34496
65635
49929
16693
50654
78201
34857
34793
58146
75063
88944
35642
18196
59314
87839
86172
25206
10607
77819
56384
1708
37294
68191
34317
97041
28800
81288
14934
69535
68709
4768
41857
34343
54697
58550
22823
32898
93407
95444
28870
6295
22213
64512
62319
81527
52350
48490
44559
784
64135
38770
2492
1428
44787
36809
36295
73587
55923
89057
80948
62459
93825
60631
34628
86349
19180
95279
19246
50414
90722
48116
94536
50761
50454
56854
70114
2803
43170
52499
3587
7304
91269
43906
46560
36055
18542
20681
9641
12291
47564
28415
74750
41389
89046
9378
65564
46053
4656
84810
96467
33204
70752
28828
83965
21205
23509
91905
61835
66679
44403
3249
11810
35672
84982
96197
71727
3523
54704
19195
15815
2268
47610
28391
81484
74483
37769
47047
20535
80252
31856
54828
13455
2607
83656
35246
61639
44991
27150
23473
49497
71554
26722
61307
45052
11704
95330
16778
53054
50033
73800
6695
52301
59237
35087
71611
33719
10682
18657
92081
90935
88340
46908
4389
90947
68390
77463
90412
13381
4612
13885
62878
13992
78434
62011
59044
27964
95167
13649
18845
45199
25275
25540
35327
84512
60627
6937
56057
71310
63422
48137
70
51761
32871
4459
80535
39088
19748
70946
90296
62188
22657
53173
76180
38918
53010
73051
66882
48176
86700
85727
31201
11974
49094
4354
34313
9720
11292
90370
18856
12540
76334
18926
64301
47031
61213
44835
86119
80961
53608
76414
43148
76265
67413
57155
15182
58249
30205
19891
6424
54731
43444
75453
66705
92538
79807
38844
40085
28925
67041
58941
41465
43374
15694
43593
28231
14733
88428
14350
33520
79862
28590
14495
93954
33830
71650
9135
92079
39681
66853
36330
94412
10297
49609
98943
2834
29415
37787
42919
58341
4827
39687
37632
86028
55381
81225
14258
7940
7479
66435
41460
87341
32852
55955
81294
66682
27604
28256
96587
5111
95109
32916
99523
5405
82525
36292
8240
49767
74079
88986
45934
16732
28672
83566
2759
21879
64791
54844
29819
10096
21279
71280
35263
91958
27234
16557
58639
92666
82640
55225
35603
15574
25968
72953
20980
46319
9244
67047
96086
21149
93859
42019
37881
22531
63412
78467
44410
66029
71137
12056
76125
30242
83336
11387
22199
48396
65771
80838
78888
86237
73890
14491
1811
37684
87444
60618
84003
34514
27664
17915
55663
21522
97761
31370
81880
61172
47663
64117
65027
18799
76173
41151
86869
97335
90366
9067
83557
93963
27732
62445
80200
39448
14762
19837
77132
40032
80455
98961
12372
45945
16875
68035
5293
52463
37231
87174
51461
84894
89117
16488
41519
65289
95466
28387
449
23657
75282
84006
55447
3013
84277
73473
42461
36865
93310
57419
76897
73764
56379
89269
57535
11081
95130
62828
63544
70187
87828
52831
55080
76944
7145
34426
80059
2611
639
80508
64095
75921
64514
19541
16760
86617
93014
97048
23482
86323
54466
378
97913
10845
27474
93274
59753
60430
56102
61123
30617
81756
13953
23523
58700
21099
57949
76585
61537
96416
57093
63458
72336
59433
83000
26923
46049
13839
23970
69531
37989
78437
7736
35901
27108
73037
29175
86861
33466
23103
47983
64083
42685
99763
87607
39211
58688
83382
15796
20224
79797
10715
83683
89960
70148
4508
16882
54023
18347
78679
61381
56336
57115
69117
30064
22049
79980
97066
8909
13445
20168
94719
15355
62853
94482
40788
2064
53169
24169
55687
11220
41793
66402
32729
69579
74376
37237
24287
28398
55584
2965
89779
49747
60081
96722
79811
19956
76701
76876
28866
27973
34870
61411
81155
97723
93719
21942
37613
84715
83938
31126
95935
63557
97528
66490
33135
71903
3726
57422
38128
97137
60388
65733
46883
58295
281
26693
78251
14808
3568
44943
42781
76265
44181
23935
11814
37899
83704
49427
22613
67642
18380
56374
31198
15907
22863
2160
25637
64416
59582
63765
61553
57796
67324
8435
53917
67605
72956
69995
82414
14350
52764
25194
90616
96945
86957
2429
72671
70660
89683
33110
38301
8062
27311
7326
23970
50174
9486
87434
52417
6894
51198
13969
64691
18521
60231
56434
23953
33186
26428
6366
47537
17019
69387
38152
13963
56343
40581
86634
64830
30263
57571
40957
76153
84882
48283
122
72882
57769
87556
25298
64664
76580
39267
67181
32927
99499
23614
56880
70511
87870
63246
18047
4888
70460
94026
56678
26802
72433
81139
91632
40523
38709
32589
16675
61417
18698
54624
34298
14294
80006
59597
16784
94412
36690
83965
27338
74015
45405
22045
44526
71101
23117
399
75989
93577
32252
70494
58206
4684
51632
87664
83034
28167
58079
37535
89584
76778
92159
23881
91072
9990
21304
7855
4401
57995
29646
69567
69836
12877
29438
14361
83979
52555
52588
97794
83959
22666
68287
79991
65177
19918
67654
48211
48085
25733
85746
75495
40337
15731
99377
69235
25721
20680
77090
30123
16501
44562
99690
86338
57439
29127
38525
41417
19508
28939
39211
41293
51605
7497
21283
16782
65243
88938
64993
51154
52497
88565
26649
92834
4295
63852
62068
30017
22358
76984
97967
38860
21545
35482
63024
78984
64609
1548
58228
21943
30488
35265
63237
19919
42762
22346
36701
45831
11283
39520
34812
1606
28085
99288
32266
70207
63139
94334
223
23323
9143
36016
62183
30688
71498
25206
47499
73933
64582
43553
95877
95070
78818
96940
14988
59406
19285
89517
43064
68396
29036
77876
7828
94948
14989
40095
65155
15954
72255
3204
39277
81399
39221
1460
49913
10718
64493
35238
22478
29074
78791
18354
61970
57608
53120
14785
17014
10231
4301
97905
16453
71164
75780
24282
3938
90769
2203
69093
6722
74458
10123
45999
55856
87171
85286
43596
97890
87606
78834
20367
54506
57625
76548
54303
53059
67494
6914
7899
15551
49042
5803
32005
20205
19409
94114
24143
10177
96317
31062
54726
8600
41186
38552
2283
28356
61664
45879
64072
49269
24712
22265
41602
20163
36639
95905
73223
41959
40645
18948
57511
89687
24752
89516
9891
44161
21455
71862
92166
55598
40750
84718
64198
19762
23269
66481
48119
84934
12359
50017
72029
74899
10109
13630
32888
84575
47361
43937
26534
88006
62886
84045
15518
25464
11386
25410
7451
32841
35098
99617
88439
75848
84335
52636
95611
45430
56944
81556
30363
7129
69399
40219
19854
79508
91676
52743
1909
39037
96680
28443
64869
59565
12487
80388
85029
23873
43624
30307
94541
16548
29923
82979
30222
52084
73441
63659
97515
30384
45214
65704
75341
52440
5922
95195
69774
97599
47937
71683
74462
82444
125
39330
42008
50439
57544
64864
12138
38994
95171
6678
55542
62920
89657
85765
15004
924
87250
50345
69135
32464
16048
44475
22730
21971
77497
92504
57396
25433
64187
31857
7876
2138
9013
87712
52578
66558
90402
2542
43378
23398
9221
98921
24144
36704
22511
76975
37628
9760
27319
44590
80051
81195
89065
40607
3165
66561
33111
98388
29821
35124
30244
75524
75089
39257
63235
65493
43641
91463
68036
87020
52687
77257
23766
76832
13960
84104
53806
89416
93864
81126
34005
11741
146
60896
52348
41138
65284
23285
39525
95105
58409
69769
70628
33498
46852
71690
36817
90494
978
4852
15339
53666
82109
39105
30497
33896
23208
84303
61138
54898
3254
32969
4465
3400
93865
94641
44538
59148
17925
21889
92079
14161
91658
62707
85486
38510
72223
22302
66830
73201
27155
82169
64693
47090
21273
95190
18812
82308
17319
79950
37205
58400
12918
79498
99628
44610
74138
81992
3757
92063
3881
95837
6223
95539
96370
29535
71875
6418
51838
38704
17445
78993
20872
82139
63909
79972
15154
82722
62279
32473
62671
37311
28700
13416
54635
28327
58026
28772
10318
99610
58661
14199
95446
2711
47565
29641
32246
19439
36059
84084
95971
53505
902
54669
35643
64812
72468
50797
85360
34746
21097
85857
9883
49797
99273
2344
78124
57298
31116
26268
56908
89778
40468
90180
92489
25859
57648
62561
83125
93707
46645
79095
85038
85374
71591
58507
88012
44058
47131
73371
16630
68228
59228
26514
55851
58500
66685
71801
53625
97802
98069
48359
25405
76363
76365
55720
2221
34012
18280
85347
65546
2751
2267
50583
88126
73858
9090
13963
17915
56221
87335
34546
62275
84389
98887
55952
80715
65571
27752
34339
1198
63647
20524
64430
40010
34716
20149
80058
68728
76257
3230
34273
79008
5498
22683
4959
17182
69600
18923
72925
25820
44084
45297
25921
28472
82010
81873
9186
85407
47451
81353
86606
11097
39703
51035
51107
74419
9011
68992
80974
85268
72222
53073
2101
15546
75756
7061
32729
45355
63811
43480
9001
45721
88777
72749
74193
8612
54621
21205
94019
39898
2557
18450
50996
80088
7312
39929
54506
16323
8920
35479
39417
18969
88553
41518
34515
2134
86406
5070
47490
88043
48550
94318
33763
75153
67067
45782
83765
59514
66988
77784
99413
7371
34060
50408
87459
41372
28163
79792
95522
74911
53097
34938
93880
79476
14283
28394
81611
688
33465
66927
26558
19841
61244
60321
94995
28310
43930
78759
87825
10917
94369
25063
56115
66256
13297
81401
45454
41460
99019
40976
16370
52115
13740
48076
69418
28023
76471
88855
66539
47762
55781
93097
5429
54851
53417
423
20988
97347
17009
46639
46090
49204
71702
40032
15459
84999
59259
60914
26458
58277
39716
80656
48218
53456
66558
17635
81480
43028
6489
85845
28616
96
78941
34046
92775
70184
72296
13762
5357
27131
60401
89274
76336
32102
29305
29621
17100
88564
28361
81385
84667
5903
99867
32885
59360
66425
88347
78666
47279
32663
64510
13722
32759
81277
85595
25533
51460
57890
77122
56817
22848
37522
46091
37010
69624
13222
4457
24550
1786
32819
43762
86453
76549
43628
57164
35908
47879
45511
52400
95159
78174
54736
8880
48759
36012
94475
12119
87473
90191
89241
82116
13038
26763
28206
87875
34213
41429
92333
96591
81042
62978
40352
5320
39526
21806
311
75435
69686
45822
65661
2670
61822
20397
49377
10580
94236
81678
60526
81708
71868
49767
1650
22733
14356
29856
10607
86396
9111
2939
82986
27979
65917
61164
71127
43270
20797
71438
56531
28309
55086
22191
30979
16907
80415
18182
65314
74651
99860
25840
56358
71727
13433
95835
32286
27789
25691
80721
52011
72629
21486
72824
38435
25230
33987
9561
68500
92611
80999
25030
20919
73911
47221
89725
90818
27636
45733
93958
2286
45592
57624
96471
55146
71057
92306
87432
36672
55823
5978
88684
66278
27465
61507
4712
52695
33320
52100
21194
63758
70925
46224
22503
44835
31271
12228
35652
96734
57961
67437
99020
41380
25060
33317
96526
33944
63449
21783
8442
57098
27762
34952
23375
93054
96459
65915
45748
67606
18014
4768
31363
88940
88819
53866
71601
20089
3920
45080
54650
99709
12516
91496
41088
75403
24812
75440
9346
26087
35049
55616
83185
62811
90568
44387
93691
24853
48128
39438
92459
66142
82033
61648
92908
70851
53340
64509
28767
57261
9588
83417
94796
59931
74912
73710
35333
37551
49149
82507
1464
84198
38122
84650
84836
66516
66863
78526
91369
14990
55791
21653
18958
37823
83301
49693
46501
36641
14201
13094
31728
61616
34337
26523
21546
47075
232
94706
84626
87208
77212
86091
9231
53160
8566
94067
19676
75429
10419
48871
28245
66210
70525
47203
41859
91652
34722
26186
28292
48923
39280
97847
48365
73617
62196
69911
20692
254
2443
43144
87462
79655
67061
96694
70642
75627
28586
90318
88882
39005
77015
54953
5214
47539
39983
47074
39191
74705
11086
5309
23628
50367
40983
9819
61810
3178
17557
20328
3433
20000
1299
90895
99655
68360
25414
8122
81814
54001
36266
70695
93006
13281
63475
36047
60820
3457
20947
37837
78162
32033
43147
39616
82400
84130
49436
82037
87308
66993
40191
28567
24819
41490
19462
24473
9850
82703
70423
91664
36703
6688
184
67536
19969
63659
3582
80790
67116
24529
18626
83105
56562
99600
22720
76789
21555
9982
96652
8863
14801
36842
75257
39620
78333
94719
1920
88183
15248
72343
17672
51951
79031
17856
19486
99001
19342
23068
17616
86458
85424
74069
7388
79813
73669
30109
56601
95224
77918
53252
41913
92720
27920
17170
32339
6252
49715
72086
32261
64963
44428
49933
54741
23459
5616
12053
60286
24958
72949
15728
49242
58372
89797
56631
38184
1291
24566
32611
34342
2483
85863
76255
95203
51610
31251
65369
57862
18793
37454
90124
21582
19709
77883
76323
80995
83499
88377
41280
46283
61325
57008
95526
57523
84631
52156
95708
85923
76722
28318
20264
17031
52008
34345
50061
3617
3423
15429
99306
22216
90710
27255
81625
10418
5138
95775
91413
26463
84151
70519
10573
83302
65353
6098
78651
87811
96081
12184
73733
10628
40503
31823
27659
30337
3994
77720
71781
7417
30975
8912
67460
59512
36168
49085
7756
79133
44859
36996
43422
66836
7514
53995
87964
10694
97920
66614
98505
94000
78799
10063
4627
57128
79713
70114
25291
83707
85660
34898
91125
54462
43810
96411
51800
17804
45495
59556
34763
28180
96552
78186
32842
41893
32180
20805
90414
67927
25246
88918
61926
41871
36807
4380
36825
16519
12320
99943
225
97980
34840
29176
90268
16476
25587
42067
34281
8908
1623
6870
74916
36001
85056
7757
15720
55063
66390
6133
22989
29462
32877
22741
71333
69684
27121
45984
86203
39441
45926
24255
75248
18592
53431
65515
35068
16844
45409
7175
63580
84859
14046
38495
20859
99102
46252
36580
91991
50468
80540
14979
79930
13417
37721
89089
83101
2668
35072
7130
42110
80998
31385
55184
99590
22642
58525
72485
77314
3933
79660
40893
88792
31532
79388
47478
68461
63466
21884
60451
13934
2423
13257
31690
15840
88805
20779
36768
91473
55851
43898
71409
74676
13109
64419
12091
73578
22944
84576
50891
64704
2062
91784
91323
33594
8997
38800
2054
10290
98511
332
24224
38760
13589
55914
54601
2393
14519
29195
31692
70371
73093
40928
82873
86202
5346
94964
59779
28290
79540
48497
92995
81602
78107
84317
15195
87105
60943
55077
97395
97280
55409
59445
36039
68998
53185
28466
9217
67705
57661
40909
75902
30753
81837
58774
54781
25010
53737
52387
53300
33276
38710
84121
52704
16816
6263
5726
41747
67206
60803
76968
64485
16211
36412
38351
23035
27424
66817
70079
95129
24478
48814
71030
93058
68478
67630
85666
93488
21366
75879
46787
92470
14588
68735
45173
31404
74998
88726
73152
42204
49528
50119
44515
3565
24358
82866
64427
51782
87510
34505
84737
49814
83320
93593
80698
51797
61222
66363
45284
20414
80068
29897
12883
94656
36458
95884
26060
11456
84609
37038
91487
34137
24983
36001
75529
87168
56694
39956
76776
82030
74461
61512
31843
95607
92931
50367
85230
54152
54557
68340
12393
34624
36064
25276
67107
72522
21159
30993
83978
43595
68031
75464
15558
30840
49292
91087
18008
43812
68869
94784
63668
43330
94123
33337
76763
87053
83704
61993
79032
38260
30332
91425
10711
66396
16700
77818
38918
75687
8810
60722
57108
14667
36186
72666
45507
23304
63752
63515
4942
32621
96126
68610
13777
90248
1946
28366
15126
85650
90359
94158
61737
58518
85582
72448
62740
40109
88092
39484
53622
96902
206
10729
49395
74219
83395
94902
97523
84973
96244
40291
55420
30195
8900
7023
20442
10846
35390
73395
34322
25748
67553
96059
22092
90961
6332
84833
31069
32250
24316
22517
66978
24522
71073
16372
36567
92294
49101
71916
77267
45344
12206
70513
75539
21106
77537
33807
69779
12926
7201
4101
76501
12580
37986
98594
3541
82146
21252
72437
14395
45568
94955
19200
7917
3853
35572
44484
96148
84673
16400
11240
67843
66433
81753
43381
87540
59289
15014
95145
10041
60043
99246
86543
72623
75059
22962
76164
57204
44214
86428
9425
27608
19208
28625
73352
23061
64198
17836
19208
86697
72063
30448
54540
76322
50028
35747
1687
9316
50762
96833
57185
10804
96078
43727
21253
8962
4515
35244
66166
48729
21671
13418
14163
78706
42043
87516
1766
44067
43178
58802
30764
53067
27076
23130
29388
77104
58877
31076
24247
47465
27908
19258
96096
61812
62985
55176
70775
67500
90420
36940
54055
49917
88185
68218
28622
30228
93560
68215
12121
36737
64843
80712
89804
91920
3841
57019
6849
545
88095
68923
85837
16002
88181
81933
15640
88992
37108
86415
94318
65354
61182
86199
15270
49366
92244
81719
17420
85803
49933
29542
22540
14776
10253
50170
44522
51922
7188
51371
52467
95283
58121
38303
49111
46301
58062
2578
73120
32996
88993
67437
98350
88001
53636
13619
37367
45879
95338
54787
69508
83098
22155
92048
97874
32409
80045
42395
84331
25059
31592
74624
58169
89713
50753
7279
73841
8815
47684
46960
79638
36677
52223
77988
24677
43685
29433
99871
27390
62598
92485
96899
45695
14639
26772
81395
84875
6816
61616
7031
31876
93208
81655
90045
20747
32408
35150
32414
79050
82835
17200
58687
57338
69423
74501
19841
50935
3934
19712
78325
66532
12196
75223
50053
64662
1995
31447
49537
46638
93063
56568
16340
24096
76050
6384
82670
46284
79362
15083
25333
22
32283
21846
57360
39533
96348
77201
90468
38108
34739
68792
42466
84762
81842
92519
49424
83837
23965
36787
68301
54854
93355
84642
78950
69404
28852
61620
15687
8213
14529
78847
8235
46813
38520
3421
24172
34867
18449
14639
10801
53188
21257
53267
37950
3098
45785
25200
86935
7576
61987
55236
62430
55341
77704
79206
62572
6555
78652
16085
14769
93182
32759
60831
77821
71279
2079
1992
43972
20528
54458
54773
73716
75715
8039
49492
78814
91651
74692
3574
99227
36678
96637
99483
29846
74340
78688
30244
80896
95167
84156
33491
88348
16914
32148
3994
88193
34227
5986
69991
54755
98271
24763
66298
73985
70629
15789
52798
62279
28308
94200
61505
64986
90836
60987
32658
3002
77502
62902
83898
72668
47058
55215
98842
1798
87363
2835
89992
59417
46648
59982
14171
44918
22572
18295
56729
93201
71912
47354
93307
219
41553
54811