1368
339
3134
3541
4715
1235
4817
8868
8169
3360
6529
610
5950
536
66
8155
9783
2029
4483
4270
722
9048
5404
6310
8177
8225
264
7547
2716
2304
4418
4084
2643
7552
8705
7358
9866
3521
7304
9113
7961
4911
9724
4989
6526
868
3143
6308
3976
7626
578
5778
7753
7061
2087
7008
5286
2351
4554
8002
5734
8973
3165
8378
7603
1869
6814
7469
6469
5197
6581
4429
107
7383
496
6634
9330
3640
2941
3306
2344
3519
9084
1175
580
1170
8183
6945
4601
3816
6025
1413
3867
9190
9791
1469
1058
7684
16
7528
2880
7677
3035
2987
6138
3532
699
5468
7172
3641
8774
594
8239
8936
1770
9898
1184
1031
6842
6864
4847
2867
8278
8714
2056
8068
1262
3115
6830
2357
1721
788
33
4756
3776
6172
8288
5554
2718
6538
9195
2570
8212
8513
1505
9982
8410
3768
2091
5252
632
6939
9198
8910
6731
1253
8056
9072
5447
4886
1429
8247
5674
2541
3003
528
8713
2369
6083
2509
9987
6356
5079
8198
4868
7663
9258
3278
1431
1348
9609
2063
9366
8806
972
7176
1137
9028
6247
7664
3913
7676
5910
666
1296
9992
1194
8
2361
8356
3597
2347
4712
8676
544
9580
6339
880
3936
7770
2228
3544
911
2673
3428
1883
9849
4566
1989
7174
2229
5903
5929
9218
7648
7225
9210
9921
8312
1570
8277
1908
4996
2988
1663
6619
3646
8002
7499
7583
6850
805
2205
7761
4557
5634
722
5484
1278
2711
2658
4586
9693
9666
3803
7340
7969
3012
8340
6280
5661
6616
9268
1735
682
930
8354
4328
10
6931
2989
7939
8816
6274
6778
3372
2986
8579
8857
4264
1289
2593
8850
2061
3337
2652
9401
1305
6744
7740
8664
3483
5434
7931
5219
6116
9940
4651
1523
1028
2661
5591
8967
1476
1864
6823
5927
4850
5401
5862
192
6691
8455
9042
8752
2870
2773
9231
4175
595
8050
2839
4078
4562
1848
375
678
1788
6106
3280
2816
8767
8871
2862
1321
1814
9685
7248
7743
5086
4189
7936
2855
3722
8056
2685
6593
828
2994
1846
1423
2122
5764
6581
6685
7613
8035
8442
479
4140
1721
4374
3985
1670
8315
5306
4563
8000
3633
3385
4164
7822
1320
8098
2622
454
782
9215
1283
4855
1061
3785
6978
6825
365
3662
5516
8401
3182
5995
3619
4903
1448
7605
7652
9763
3989
3294
8841
8701
6679
3004
7601
9078
1101
223
9532
2962
9438
1893
7818
1577
5679
5874
9482
7123
9536
4997
6602
2717
2071
1300
8699
4598
8905
7429
4360
3972
722
3201
3752
8480
7284
1352
7557
9465
2654
8168
2426
2092
60
1322
4748
6818
7196
4229
3941
7810
305
1621
1605
3455
2921
1382
8053
2904
9891
2412
7956
1691
6692
1707
171
3976
4138
8807
4519
6793
6974
8024
9964
7035
9347
4711
4931
7621
19
9951
5431
324
1572
8115
3779
5572
9498
1831
9556
466
5322
7511
2157
2014
296
2328
7069
4434
1135
2666
1226
8109
689
1189
6222
35
6980
1153
8736
6999
1103
5245
7323
3754
3359
2180
405
3935
5090
9961
4401
411
7471
6559
3504
7767
9966
1651
3279
1100
4317
4506
288
5007
6774
7589
6121
3753
9821
4856
751
924
100
9153
5757
4539
1332
6162
8474
7501
6122
3954
7913
4671
1591
2495
3516
1556
5226
6796
2657
9543
2380
4024
5628
9154
1612
1749
2907
1433
7684
4737
3436
8864
3890
9193
3402
6301
6434
2954
3802
3634
7987
2793
8306
9578
5288
2900
1134
513
774
4870
1135
3154
8894
6763
3387
505
9591
6294
3017
8354
1030
6453
7217
5999
6725
1697
2300
3158
4651
6102
6792
3717
8895
6176
3294
5261
155
5507
6854
929
376
7989
5163
9270
5830
8550
854
6500
5922
4950
4853
8031
1403
2069
5109
9207
3766
7409
3443
9496
4589
1313
3212
4562
7490
7586
9823
7645
3092
6676
9653
3469
5743
5894
3817
2652
4443
5750
9152
1443
700
4004
553
3182
7152
5662
2388
1996
3070
5831
1491
7659
7144
5783
2220
5712
3368
3121
4435
6460
876
5167
1007
6619
1060
5904
9271
5504
1653
8422
8026
3432
3504
8579
6614
655
4240
80
3730
8389
6990
5222
7126
5213
2083
424
924
5451
3546
6439
2989
4422
1605
5076
2119
2665
979
2469
9248
2632
1969
8353
6065
5474
6931
3757
7208
2250
3838
938
1717
1906
7239
8844
7119
9322
9268
8044
5851
3892
5561
9919
9393
7166
6073
1512
909
7052
3981
1236
763
7029
9589
7907
2502
7598
1663
789
9848
6580
1727
2644
8487
44
1487
5605
444
1833
4727
7374
6805
287
7292
6197
8532
3365
8788
9442
1495
3847
1756
2258
876
1344
1243
4457
20
2907
5246
9869
565
8052
3591
130
8096
5078
5736
8540
7990
1541
6992
4794
2908
4284
2070
1439
8728
857
1959
1301
4705
4794
4639
6660
6138
5882
1116
6159
9868
6363
7106
433
4414
696
563
3589
6853
7378
3207
5921
9999
199
715
2906
5562
2785
5424
5368
4721
8463
6669
9426
3256
1307
7164
473
7190
8281
6632
7057
5722
4816
8569
1214
6591
211
4803
4522
8668
9090
442
8666
367
1157
2650
5929
5021
9154
1296
9743
7616
9044
246
871
1430
7411
2423
8620
6770
9055
6755
2491
4949
6403
3705
2618
6614
9588
7140
6360
9756
7583
6105
122
9819
8755
6051
4840
8987
8426
5661
6602
8548
5907
8553
9978
4396
975
9676
1165
1109
7510
4735
7137
3912
8441
9756
1604
9107
6895
7964
8862
4477
5147
8984
5375
3902
6113
214
3967
5617
5875
569
4164
2860
200
4142
7257
1175
4896
8422
3363
2405
4236
500
6317
3755
255
9000
2861
8229
6964
2801
3785
2110
2863
9160
7091
54
9374
1058
5671
6327
2706
913
9187
2906
6134
7522
5160
1030
7023
8524
3435
1258
9024
831
5013
357
9831
8953
8586
7873
1753
3449
1062
5695
2608
9232
5749
3060
1368
1419
9387
4074
3411
9653
8059
9546
7174